data/raw/spatial/rfgrid_mm_oahu_ann.txt
ncols         320
nrows         250
xllcorner     -158.322
yllcorner     21.18
cellsize      0.00225
NODATA_value  -9999
[rows 120 to 149 of 250, columns 204 to 271 of 320]
2290.533 2165.934 2050.456 1939.466 1833.788 1756.515 1683.972 1614.537 1556.233 1501.999 -9999 -9999 -9999 -9999 -9999 -9999 -9999 -9999 -9999 -9999 -9999 -9999 -9999 -9999 -9999 -9999 -9999 -9999 -9999 -9999 -9999 -9999 -9999 -9999 -9999 -9999 -9999 -9999 -9999 -9999 -9999 -9999 -9999 -9999 -9999 -9999 -9999 -9999 -9999 -9999 -9999 -9999 -9999 -9999 -9999 -9999 -9999 -9999 -9999 -9999 -9999 -9999 -9999 -9999 -9999 -9999 -9999 -9999
2326.26 2198.59 2081.033 1967.817 1860.262 1783.213 1709.333 1637.502 1577.415 1521.56 -9999 -9999 -9999 -9999 -9999 -9999 -9999 -9999 -9999 -9999 -9999 -9999 -9999 -9999 -9999 -9999 -9999 -9999 -9999 -9999 -9999 -9999 -9999 -9999 -9999 -9999 -9999 -9999 -9999 -9999 -9999 -9999 -9999 -9999 -9999 -9999 -9999 -9999 -9999 -9999 -9999 -9999 -9999 -9999 -9999 -9999 -9999 -9999 -9999 -9999 -9999 -9999 -9999 -9999 -9999 -9999 -9999 -9999
2364.484 2234.27 2114.341 1998.492 1888.324 1810.848 1735.99 1662.562 1600.866 1543.156 -9999 -9999 -9999 -9999 -9999 -9999 -9999 -9999 -9999 -9999 -9999 -9999 -9999 -9999 -9999 -9999 -9999 -9999 -9999 -9999 -9999 -9999 -9999 -9999 -9999 -9999 -9999 -9999 -9999 -9999 -9999 -9999 -9999 -9999 -9999 -9999 -9999 -9999 -9999 -9999 -9999 -9999 -9999 -9999 -9999 -9999 -9999 -9999 -9999 -9999 -9999 -9999 -9999 -9999 -9999 -9999 -9999 -9999
2406.77 2275.297 2153.126 2034.474 1921.032 1842.179 1766.407 1691.937 1628.772 1568.998 -9999 -9999 -9999 1412.313 -9999 -9999 -9999 -9999 -9999 -9999 -9999 -9999 -9999 -9999 -9999 -9999 -9999 -9999 -9999 -9999 -9999 -9999 -9999 -9999 -9999 -9999 -9999 -9999 -9999 -9999 -9999 -9999 -9999 -9999 936.7222 -9999 -9999 -9999 -9999 -9999 -9999 -9999 -9999 -9999 -9999 -9999 -9999 -9999 -9999 -9999 -9999 -9999 -9999 -9999 -9999 -9999 -9999 -9999
2451.757 2318.736 2194.121 2072.542 1955.801 1875.17 1798.524 1723.384 1658.824 1596.757 1540.513 -9999 1463.52 1430.549 1402.301 -9999 -9999 -9999 -9999 -9999 -9999 -9999 -9999 -9999 -9999 -9999 -9999 -9999 -9999 -9999 -9999 -9999 -9999 -9999 -9999 -9999 -9999 -9999 -9999 -9999 -9999 -9999 946.486 942.3853 938.1877 -9999 -9999 -9999 -9999 -9999 -9999 -9999 -9999 -9999 -9999 -9999 -9999 -9999 -9999 874.9852 -9999 -9999 -9999 -9999 -9999 -9999 -9999 -9999
2498.391 2363.229 2235.844 2111.499 1991.429 1908.752 1831.987 1757.253 1691.635 1627.064 1568.197 1524.854 1486.564 1450.701 1419.801 -9999 -9999 -9999 -9999 -9999 -9999 -9999 -9999 -9999 -9999 -9999 -9999 -9999 -9999 -9999 -9999 -9999 -9999 -9999 -9999 -9999 -9999 -9999 -9999 -9999 -9999 -9999 949.1988 944.0006 939.2567 934.7596 -9999 -9999 -9999 -9999 -9999 -9999 -9999 -9999 -9999 -9999 -9999 881.6294 875.4047 871.5095 869.3853 867.0631 865.3931 -9999 -9999 -9999 -9999 -9999
2542.489 2405.391 2275.848 2149.776 2027.692 1943.611 1866.666 1792.059 1725.28 1658.494 1597.058 1551.304 1510.438 1471.64 1437.981 1407.754 1379.457 -9999 -9999 -9999 -9999 -9999 -9999 -9999 -9999 -9999 -9999 -9999 -9999 -9999 -9999 -9999 -9999 -9999 -9999 -9999 -9999 -9999 -9999 967.2667 961.1395 957.5624 952.8655 946.7675 941.5793 937.6136 933.9373 929.1876 924.9971 920.7506 -9999 -9999 -9999 -9999 -9999 891.2567 885.2969 879.51 873.587 869.4207 867.0593 864.665 863.0992 861.6324 -9999 -9999 -9999 -9999
2584.579 2446.091 2315.218 2188.945 2066.917 1982.701 1904.805 1828.62 1760.592 1692.77 1629.094 1580.547 1536.859 1494.969 1458.326 1425.317 1394.25 1366.224 -9999 1315.756 1292.557 1268.716 -9999 -9999 -9999 -9999 -9999 -9999 -9999 -9999 -9999 -9999 -9999 -9999 -9999 -9999 -9999 -9999 -9999 976.0204 969.1107 962.8588 956.4265 949.9116 944.4321 940.4941 936.8307 932.0992 927.8573 921.7634 916.0189 912.0425 908.1221 902.2258 894.7609 889.4331 884.0818 878.738 873.5217 869.5275 866.9353 864.579 864.0752 -9999 -9999 -9999 -9999 -9999
2626.871 2485.5 2353.259 2227.407 2106.502 2023.382 1944.734 1866.918 1797.65 1728.784 1662.886 1611.578 1564.985 1520.015 1480.468 1444.594 1410.688 1380.795 1353.054 1327.02 1302.419 1276.785 -9999 -9999 -9999 -9999 -9999 -9999 -9999 -9999 -9999 -9999 -9999 -9999 -9999 -9999 -9999 997.7922 991.2773 984.8123 977.0035 968.1752 960.0685 953.0976 947.3127 943.3696 939.6829 935.0378 930.7899 923.1897 915.7027 912.2595 908.7815 901.6684 893.1444 887.5702 882.7889 878.0554 873.4397 869.631 866.9589 864.6712 864.99 -9999 -9999 -9999 -9999 -9999
2668.064 2519.914 2387.615 2264.61 2146.994 2067.277 1988.88 1909.886 1838.946 1767.988 1699.348 1645.439 1595.962 1548.183 1506.001 1466.693 1429.318 1397.538 1368.018 1340.041 1313.793 1286.674 1259.896 -9999 -9999 -9999 -9999 -9999 -9999 -9999 -9999 -9999 -9999 -9999 -9999 -9999 -9999 1003.914 996.9517 989.9114 981.7308 972.6 964.2609 957.1113 951.0615 946.9147 943.1301 938.2458 933.7145 927.332 920.9255 915.2144 909.2531 902.7332 895.7815 889.7324 883.999 879.2317 874.8879 871.2389 869.1077 866.9766 -9999 -9999 -9999 -9999 -9999 -9999
2715.545 2553.56 2420.902 2303.469 2189.993 2111.604 2034.908 1955.529 1882.889 1809.766 1738.385 1681.902 1629.59 1579 1533.921 1491.001 1450.014 1416.223 1384.745 1354.666 1326.611 1297.929 1269.526 -9999 -9999 -9999 -9999 -9999 -9999 -9999 -9999 -9999 -9999 -9999 -9999 -9999 -9999 1011.732 1004.062 996.3099 987.573 978.0339 969.4253 962.2606 956.126 951.7715 947.9077 942.4919 937.3423 931.8686 926.5238 919.1436 911.1808 905.095 899.4907 892.8662 885.8925 880.6992 876.7075 873.4142 871.8484 869.9011 -9999 -9999 -9999 -9999 -9999 -9999
2781.804 2603.159 2460.145 2352.203 2240.875 2161.428 2084.174 2004.706 1930.585 1855.254 1781.098 1721.898 1666.671 1613.243 1565.214 1519.387 1475.47 1438.393 1403.778 1371.412 1341.421 1311.312 1281.609 1256.378 -9999 -9999 -9999 -9999 -9999 -9999 -9999 -9999 -9999 -9999 -9999 -9999 -9999 1020.051 1012.132 1004.329 995.27 985.6216 976.7629 969.2427 962.8673 957.9203 953.5973 947.3127 941.1418 936.4816 931.7707 924.9805 917.6268 910.4066 903.3025 896.8984 891.04 886.0985 881.8933 878.2921 875.9954 -9999 -9999 -9999 -9999 -9999 -9999 -9999
2868.415 2695.324 2540.889 2420.241 2305.754 2222.389 2142.511 2061.441 1985.23 1907.417 1830.097 1767.654 1709.174 1652.667 1601.511 1552.525 1505.366 1464.666 1426.554 1391.508 1359.252 1327.551 1296.374 1270.027 1245.84 -9999 -9999 -9999 -9999 -9999 -9999 -9999 -9999 -9999 -9999 -9999 -9999 1029.211 1020.954 1013.799 1004.808 994.7484 985.6025 977.5496 970.5615 964.7476 959.3124 952.2379 945.7819 941.5655 937.4067 931.1714 924.6129 916.4694 907.8403 901.6547 897.0437 892.6467 888.2325 -9999 -9999 -9999 -9999 -9999 -9999 -9999 -9999 -9999
2959.762 2794.446 2641.707 2507.581 2385.656 2296.841 2211.885 2126.367 2046.411 1965.328 1884.845 1819.993 1758.46 1697.293 1641.733 1589.415 1538.726 1494.444 1452.935 1414.537 1379.23 1346.248 1314.208 1286.368 1260.036 1235.365 -9999 -9999 -9999 -9999 -9999 -9999 -9999 -9999 -9999 -9999 -9999 1037.348 1028.597 1020.751 1012.581 1002.923 993.7068 985.4711 977.8704 970.8628 964.4036 957.5907 951.3298 946.4522 941.7991 936.1136 930.5547 923.5989 916.2781 910.0773 904.8007 -9999 -9999 -9999 -9999 -9999 -9999 -9999 -9999 -9999 -9999 -9999
3049.699 2891.677 2742.161 2603.747 2476.072 2380.696 2288.896 2197.487 2112.353 2027.005 1943.297 1876.226 1811.446 1745.145 1684.853 1629.058 1574.72 1526.938 1482.198 1440.092 1401.237 1366.794 1333.792 1304.297 1275.574 -9999 -9999 -9999 -9999 -9999 -9999 -9999 -9999 -9999 -9999 -9999 -9999 -9999 -9999 -9999 -9999 1011.056 1002.228 994.0038 985.8842 977.7051 970.2335 963.3474 957.142 951.4651 946.0239 940.8027 936.0521 930.5329 925.0516 919.0059 912.6992 -9999 -9999 -9999 -9999 -9999 -9999 -9999 -9999 -9999 -9999 -9999
3135.708 2983.984 2839.55 2703.052 2574.214 2471.204 2372.082 2275.305 2184.704 2094.449 2006.374 1934.882 1865.84 1796.424 1732.703 1671.926 1612.601 1561.444 1513.594 1467.547 1424.899 1388 1352.798 1322.116 -9999 -9999 -9999 -9999 -9999 -9999 -9999 -9999 -9999 -9999 -9999 -9999 -9999 -9999 -9999 -9999 -9999 -9999 1010.045 1001.765 993.397 984.9812 977.1567 969.4911 962.5836 956.48 950.7033 945.1292 939.9707 934.6772 929.8206 924.4384 918.5883 -9999 -9999 -9999 -9999 -9999 -9999 -9999 -9999 -9999 -9999 -9999
3216.301 3069.789 2930.701 2798.089 2673.505 2563.933 2458.209 2357.043 2261.837 2167.287 2074.15 1997.024 1923.098 1851.232 1784.612 1718.239 1653.291 1598.628 1547.404 1497.523 1451.455 1411.193 1372.802 1341.215 1311.359 -9999 -9999 -9999 -9999 -9999 -9999 -9999 -9999 -9999 -9999 -9999 -9999 -9999 -9999 -9999 -9999 -9999 -9999 1009.773 -9999 992.7902 984.7512 976.2933 968.5319 962.1854 956.2796 949.9636 944.0302 938.5966 933.7635 929.0377 924.1878 919.1775 -9999 -9999 -9999 -9999 -9999 -9999 -9999 -9999 -9999 -9999
3292.168 3151.072 3016.287 2886.087 2760.978 2652.455 2544.328 2439.465 2340.225 2242.172 2145.286 2064.798 1986.246 1909.642 1838.593 1767.49 1697.577 1638.209 1582.429 1528.956 1479.903 1436 1394.068 1360.892 1329.885 1299.808 -9999 -9999 -9999 -9999 -9999 -9999 -9999 -9999 -9999 -9999 -9999 -9999 -9999 -9999 -9999 -9999 -9999 -9999 1008.937 1000.261 991.9441 983.0831 974.877 968.0657 961.6447 954.7582 948.3137 942.7485 937.8777 933.7136 929.7321 925.0959 -9999 -9999 -9999 -9999 -9999 -9999 -9999 -9999 -9999 -9999
3359.858 3224.933 3094.619 2967.532 2844.633 2736.375 2628.485 2521.834 2420.181 2320.128 2221.2 2139.144 2057.275 1974.734 1898.109 1822.901 1748.726 1683.823 1622.6 1565.55 1513.565 1465.869 1420.195 1384.3 1351.177 1319.282 1289.175 -9999 -9999 -9999 1188.61 1167.902 -9999 -9999 -9999 -9999 -9999 -9999 -9999 -9999 -9999 -9999 -9999 -9999 1016.981 1007.803 999.0135 989.7827 981.1283 973.5386 966.3626 959.3486 952.7178 946.7433 941.4828 937.5472 934.0662 -9999 -9999 -9999 -9999 -9999 -9999 -9999 -9999 -9999 -9999 -9999
3416.991 3289.775 3165.854 3043.994 2925.239 2818.031 2710.971 2604.501 2501.9 2400.627 2299.895 2215 2130.674 2044.939 1964.459 1884.512 1805.388 1734.893 1668.042 1606.997 1551.627 1499.952 1450.438 1411.17 1375.458 1342.268 1310.448 1281.107 -9999 1227.735 1205.716 1184.676 1164.524 -9999 -9999 -9999 -9999 -9999 -9999 -9999 -9999 -9999 -9999 1035.531 1025.666 1016.084 1006.814 997.0308 987.7137 979.201 971.1696 963.85 956.9513 950.3354 944.2224 939.6817 935.7912 -9999 -9999 -9999 -9999 -9999 -9999 -9999 -9999 -9999 -9999 -9999
3460.269 3343.892 3228.831 3114.222 3000.862 2895.498 2789.927 2684.708 2581.752 2479.317 2376.667 2288.724 2202.205 2116.125 2033.826 1948.405 1863.736 1788.099 1715.967 1651.005 1592.15 1536.626 1483.672 1440.657 1400.598 1365.233 1333.05 1302.603 1272.632 1246.292 1223.82 1202.218 1181.479 1161.574 -9999 -9999 -9999 -9999 -9999 -9999 -9999 -9999 -9999 1044.807 1034.821 1024.782 1015.03 1004.525 994.4155 985.0269 976.0631 968.0651 960.7246 953.5319 946.5074 940.8198 935.7384 -9999 -9999 -9999 -9999 -9999 -9999 -9999 -9999 -9999 -9999 -9999
3486.882 3385.569 3281.812 3176.26 3070.255 2968.384 2865.304 2762.048 2659.682 2557.191 2453.477 2363.188 2274.428 2187.094 2102.624 2013.156 1924.32 1845.322 1769.648 1699.35 1634.881 1574.042 1516.886 1470.621 1427.119 1387.944 1354.653 1324.752 1294.096 1266.993 1243.838 1221.5 1200.276 1179.774 -9999 -9999 -9999 -9999 -9999 -9999 -9999 -9999 1063.662 1053.994 1043.976 1033.537 1023.329 1012.3 1001.566 991.5559 981.8013 972.9846 964.9947 957.2859 949.5996 942.8281 -9999 -9999 -9999 -9999 -9999 -9999 -9999 -9999 -9999 -9999 -9999 -9999
3497.903 3414.474 3323.559 3228.242 3131.757 3035.401 2935.961 2835.241 2734.604 2633.63 2530.064 2438.355 2347.203 2256.644 2168.986 2078.496 1988.375 1909.819 1834.487 1755.81 1681.693 1612.698 1549.109 1500.54 1455.901 1415.601 1379.997 1348.671 1318.119 1290.812 1266.401 1242.898 1221.427 1200.496 -9999 -9999 -9999 -9999 -9999 -9999 -9999 -9999 -9999 1063.268 1052.833 1041.996 1031.313 1020.018 1008.904 998.673 988.3734 978.6277 969.7529 961.5712 -9999 -9999 -9999 -9999 -9999 -9999 -9999 -9999 -9999 -9999 -9999 -9999 -9999 -9999
3497.668 3431.365 3354.116 3270.348 3184.55 3094.871 3000.157 2902.887 2804.628 2705.564 2602.707 2510.345 2417.417 2324.039 2233.523 2141.85 2050.137 1971.413 1895.898 1811.196 1730.439 1655.042 1582.049 1532.846 1487.198 1445.5 1408.42 1374.817 1343.29 1315.374 1289.629 1264.934 1243.332 1222.1 -9999 -9999 -9999 -9999 -9999 -9999 -9999 -9999 1084.036 1072.867 1061.775 1050.475 1039.34 1027.893 1016.495 1005.887 995.2103 984.559 974.8002 965.8016 -9999 -9999 -9999 -9999 -9999 -9999 -9999 -9999 -9999 -9999 -9999 -9999 -9999 -9999
3487.56 3435.427 3372.128 3301.097 3225.051 3140.904 3052.008 2960.268 2865.437 2768.413 2667.379 2576.487 2483.512 2388.454 2296.118 2202.561 2108.393 2025.826 1946.436 1862.708 1783.648 1707.406 1633.29 1576.495 1526.766 1481.394 1440.808 1404.732 1372.355 1343.694 1316.021 1289.755 1268.198 1246.933 1225.85 -9999 -9999 -9999 -9999 -9999 -9999 1109.382 1096.461 1083.76 1071.474 1059.58 1047.855 1036.042 1024.146 1012.638 1000.963 989.9343 979.431 968.9084 -9999 -9999 -9999 -9999 -9999 -9999 -9999 -9999 -9999 -9999 -9999 -9999 -9999 -9999
3470.249 3430.6 3380.556 3322.229 3256.075 3177.732 3095.5 3010.31 2919.689 2825.461 2727.426 2639.062 2547.209 2451.494 2357.858 2263.226 2167.857 2082.298 2000.033 1917.402 1839.928 1763.467 1688.149 1626.607 1571.235 1521.27 1476.731 1437.938 1404.445 1374.744 1345.045 1317.253 1295.629 1274.33 1252.48 -9999 -9999 -9999 -9999 1155.263 1139.188 1124.315 1109.803 1095.401 1081.633 1068.821 1056.232 1043.511 1030.632 1018.022 1005.236 993.3441 981.9379 970.1403 -9999 -9999 -9999 -9999 -9999 -9999 -9999 -9999 -9999 -9999 -9999 -9999 -9999 -9999
3448.24 3419.177 3381.687 3335.975 3281.265 3210.749 3134.209 3053.207 2967.065 2878.033 2783.904 2696.857 2605.535 2509.81 2414.971 2318.857 2222.098 2135.615 2052.606 1969.25 1891.073 1813.979 1737.434 1672.953 1613.365 1559.886 1512.927 1471.867 1436.029 1404.963 1375.842 1348.685 1325.281 1302.397 1280.247 1257.787 1236.192 1215.097 1195.18 1176.119 1158.02 1140.865 1124.502 1108.848 1093.708 1079.224 1066.627 1052.912 1038.819 1026.81 1015.761 1004.915 993.6964 981.8674 -9999 -9999 -9999 -9999 -9999 -9999 -9999 -9999 -9999 -9999 -9999 -9999 -9999 -9999
3423.049 3403.679 3377.772 3343.717 3300.144 3237.627 3166.866 3090.153 3009.243 2926.167 2835.914 2749.84 2659.2 2563.831 2468.88 2372.169 2274.71 2187.386 2103.346 2019.358 1940.579 1862.607 1785.355 1719.026 1655.948 1599.246 1549.742 1506.266 1468.042 1435.47 1406.58 1379.689 1354.636 1330.611 1308.73 1285.25 1262.006 1239.34 1217.647 1196.83 1176.701 1157.341 1139.101 1122.004 1105.336 1089.111 1075.03 1060.147 1045.279 1032.611 1021.049 1009.884 998.356 984.618 963.3757 -9999 -9999 -9999 -9999 -9999 -9999 -9999 -9999 -9999 -9999 -9999 -9999 -9999
3397.587 3388.127 3370.844 3345.561 3313.208 3259.654 3196.676 3126.818 3050.358 2969.958 2882.776 2799.784 2711.377 2616.615 2521.798 2424.483 2326.163 2238.332 2153.511 2068.642 1988.831 1909.094 1830.341 1764.543 1698.944 1640.081 1588.78 1543.019 1501.303 1465.927 1435.492 1407.425 1382.331 1358.917 1337.93 1313.896 1287.567 1262.327 1238.462 1215.718 1193.839 1172.894 1153.008 1134.124 1115.705 1097.994 1082.693 1066.474 1050.359 1036.381 1023.838 1012.031 1001.234 987.7081 961.4388 -9999 -9999 -9999 -9999 -9999 -9999 -9999 -9999 -9999 -9999 -9999 -9999 -9999
3367.517 3368.095 3358.929 3341.62 3320.083 3275.136 3220.178 3157.661 3085.94 3008.296 2924.796 2845.571 2759.547 2665.502 2570.86 2473.03 2374.039 2286.031 2200.823 2114.909 2033.685 1951.804 1870.385 1803.231 1738.883 1679.384 1627.168 1579.564 1534.67 1496.781 1464.64 1435.011 1409.442 1385.706 1363.382 1340.036 1312.379 1285.062 1259.382 1234.93 1211.367 1188.85 1167.282 1146.689 1126.597 1107.349 1090.725 1073.12 1055.545 1039.744 1025.822 1012.589 989.3347 973.9313 960.5555 947.0706 -9999 -9999 -9999 -9999 -9999 -9999 -9999 -9999 -9999 -9999 -9999 -9999
