data/raw/spatial/rfgrid_mm_oahu_ann.txt
ncols         320
nrows         250
xllcorner     -158.322
yllcorner     21.18
cellsize      0.00225
NODATA_value  -9999
[rows 90 to 119 of 250, columns 136 to 203 of 320]
1431.31 1470.622 1510.161 1551.744 1596.99 1642.274 1693.668 1750.802 1809.849 1871.87 1937.058 2016.069 2114.49 2223.313 2336.88 2457.787 2581.531 2704.471 2834.742 2977.816 3120.739 3264.958 3409.592 3558.031 3707.396 3856.106 3999.271 4140.136 4276.347 4407.045 4529.473 4641.039 4749.225 4861.456 4993.814 5145.217 5288.706 5401.318 5501.453 5577.331 5624.26 5640.539 5627.01 5571.029 5482.75 5363.273 5218.589 5049.201 4862.804 4674.6 4469.877 4255.767 4032.729 3812.763 3590.932 3378.915 3171.976 2969.89 2776.486 2601.274 2466.933 2357.191 2256.538 2162.099 2072.787 1989.684 1914.064 1844.586
1414.139 1452.844 1492.763 1535.154 1579.863 1624.226 1675.688 1733.649 1793.688 1856.612 1923.209 1997.363 2091.06 2198.179 2310.088 2428.838 2551.153 2673.498 2803.096 2945.564 3087.797 3233.083 3379.136 3523.455 3667.743 3818.541 3966.238 4108.886 4245.416 4375.298 4495.521 4604.387 4707.542 4806.877 4920.878 5074.716 5235.132 5372.963 5493.37 5587.693 5653.309 5687.426 5690.176 5648.767 5573.885 5466.83 5331.207 5167.088 4984.407 4798.476 4594.881 4379.146 4153.591 3932.842 3711.302 3496.647 3287.081 3081.522 2885.436 2706.581 2553.388 2428.582 2317.617 2215.627 2120.991 2033.754 1955.386 1883.32
1398.902 1437.049 1476.455 1520.034 1564.924 1608.878 1659.256 1718.266 1779.955 1844.237 1912.394 1985.866 2073.182 2175.826 2284.595 2400.529 2521.247 2643.629 2773.183 2914.746 3056.272 3202.56 3349.671 3492.635 3634.974 3787.046 3937.969 4082.892 4221.357 4353.207 4475.131 4585.921 4689.608 4782.325 4866.457 4990.528 5184.667 5350.676 5492.324 5605.983 5691.8 5746.515 5765.746 5737.707 5674.836 5579.244 5452.439 5294.218 5115.507 4930.709 4727.275 4510.006 4282.244 4057.987 3832.919 3616.764 3403.533 3194.841 2995.845 2811.465 2646.54 2506.801 2383.668 2272.402 2170.577 2077.698 1995.357 1920.203
1390.385 1428.715 1467.58 1510.472 1556.21 1601.211 1651.231 1709.1 1771.495 1836.264 1904.56 1976.798 2060.155 2157.92 2262.639 2375.535 2494.663 2617.809 2747.922 2887.3 3026.916 3172.455 3318.895 3466.253 3613.687 3765.079 3913.843 4059.035 4199.548 4336.07 4465.69 4583.779 4692.884 4791.157 4871.491 4965.86 5155.09 5337.477 5496.557 5629.546 5737.334 5817.525 5853.048 5835.854 5782.802 5697.2 5579.736 5429.795 5256.563 5071.096 4866.511 4648.89 4420.048 4187.192 3953.649 3732.407 3515.365 3304.063 3103.313 2913.141 2737.775 2586.035 2452.337 2331.901 2221.701 2121.85 2034.048 1954.012
1384.194 1423.15 1462.69 1504.927 1551.046 1597.199 1648.64 1705.906 1766.78 1830.996 1898.728 1969.522 2049.949 2143.473 2243.599 2352.51 2469.198 2592.066 2722.032 2859.974 2998.362 3143.164 3289.058 3439.742 3591.565 3743.317 3890.841 4036.905 4179.833 4321.581 4460.151 4587.559 4705.67 4814.084 4912.761 5024.387 5180 5352.85 5517.635 5664.656 5792.789 5904.394 5960.957 5949.184 5903.227 5826.009 5717.542 5576.479 5408.755 5221.412 5014.189 4793.441 4561.009 4318.916 4076.21 3848.035 3625.076 3411.102 3206.428 3009.932 2825.693 2663.778 2519.986 2390.073 2271.741 2164.964 2071.358 1986.092
1379.017 1418.575 1459.143 1502.036 1548.698 1595.697 1648.289 1706.188 1765.992 1828.981 1895.897 1965.579 2044.105 2134.699 2230.375 2334.067 2446.446 2565.723 2693.151 2831.966 2971.688 3116.336 3262.291 3411.02 3561.09 3714.793 3865.561 4014.979 4161.88 4308.554 4453.439 4588.547 4715.013 4836.684 4955.65 5084.081 5233.976 5395.008 5556.554 5710.56 5855.968 5986.295 6068.189 6073.953 6036.223 5965.741 5866.021 5735.535 5574.322 5384.167 5172.577 4943.388 4704.746 4457.12 4208.855 3971.23 3739.352 3516.641 3302.425 3098.666 2907.894 2736.768 2581.348 2441.507 2317.049 2205.125 2106.388 2016.238
1374.499 1414.849 1456.524 1500.531 1548.19 1596.159 1649.654 1708.068 1767.39 1829.295 1895.139 1963.454 2039.994 2127.57 2218.475 2316.228 2423.581 2539.117 2664.216 2804.061 2945.172 3089.977 3236.194 3382.863 3530.978 3686.529 3840.55 3993.348 4144.303 4295.793 4446.582 4588.974 4723.474 4857.071 4992.834 5135.516 5288.791 5445.727 5604.217 5762.344 5921.921 6067.789 6163.878 6194.627 6173.324 6113.424 6025.286 5908.147 5754.581 5560.534 5343.62 5103.312 4851.806 4594.913 4338.063 4088.984 3846.882 3614.679 3392.604 3181.301 2984.197 2804.917 2639.532 2490.816 2360.279 2242.847 2138.841 2043.771
1370.167 1411.984 1454.838 1500.1 1548.941 1597.928 1651.971 1710.512 1770.037 1831.941 1897.373 1964.61 2037.765 2119.353 2203.955 2296.146 2398.949 2512.647 2637.813 2777.871 2919.502 3063.833 3209.888 3356.399 3504.269 3660.586 3816.002 3970.421 4123.709 4278.026 4432.512 4580.707 4723.062 4866.936 5016.052 5170.433 5328.448 5485.918 5647.683 5812.888 5983.635 6142.116 6256.882 6311.354 6311.336 6267.017 6193.707 6095.16 5951.838 5751.75 5525.016 5272.835 5005.053 4735.476 4466.616 4204.685 3951.488 3708.405 3476.307 3255.855 3050.033 2864.889 2696.525 2542.615 2402.846 2277.014 2166.473 2065.604
1365.978 1409.441 1453.568 1500.054 1550.089 1600.124 1654.667 1713.346 1773.176 1835.245 1900.667 1967.383 2037.797 2113.96 2192.337 2277.725 2373.716 2484.737 2610.249 2750.924 2893.245 3037.045 3182.701 3329.365 3477.149 3633.999 3790.416 3946.073 4101.273 4257.892 4415.332 4568.141 4716.947 4868.897 5028.447 5192.245 5354.913 5515.218 5682.933 5857.18 6038.353 6213.917 6355.082 6437.808 6458.13 6424.097 6358.872 6282.223 6152.436 5943.204 5714.538 5452.608 5166.394 4879.583 4594.427 4316.367 4049.974 3794.767 3552.264 3322.931 3109.004 2918.7 2748.109 2589.748 2441.588 2307.848 2190.849 2084.107
1365.095 1410.2 1455.604 1503.038 1553.816 1604.532 1659.714 1718.766 1778.552 1840.542 1905.74 1971.91 2041.356 2115.451 2189.812 2267.649 2352.285 2459.184 2586.776 2726.458 2867.204 3009.613 3153.791 3302.808 3453.774 3609.851 3764.29 3921.743 4081.42 4239.565 4396.015 4550.732 4705.938 4864.211 5028.537 5196.859 5363.233 5526.585 5700.869 5883.631 6075.574 6270.611 6450.972 6575.81 6620.666 6584.892 6509.178 6425.985 6314.385 6133.225 5917.492 5651.885 5342.926 5027.644 4716.245 4416.997 4134.962 3867.16 3614.709 3380.924 3162.246 2965.884 2787.084 2621.743 2469.345 2330.646 2206.535 2094.006
1366.18 1412.786 1459.296 1507.381 1558.523 1609.49 1664.991 1724.35 1784.253 1846.34 1911.541 1977.611 2047.044 2120.746 2193.501 2267.531 2342.795 2435.264 2567.602 2705.37 2843.343 2983.36 3125.19 3276.15 3430.033 3584.747 3736.546 3895.509 4059.386 4218.363 4372.666 4528.023 4688.262 4851.1 5018.067 5188.818 5357.267 5522.662 5702.5 5891.648 6090.756 6300.989 6515.026 6716.311 6819.107 6766.757 6653.975 6529.568 6408.182 6269.967 6101.172 5859.159 5530.722 5178.638 4834.264 4510.083 4210.671 3929.835 3667.552 3427.99 3205.864 3004.585 2818.552 2647.268 2491.616 2348.667 2217.668 2099.44
1369.187 1416.108 1463.829 1512.612 1563.432 1614.051 1669.099 1728.352 1789.107 1852.201 1917.791 1984.045 2053.498 2126.899 2199.581 2274.227 2352.217 2442.36 2559.443 2689.969 2822.85 2960.814 3100.951 3248.621 3399.758 3554.278 3707.262 3864.167 4023.864 4182.127 4339.382 4498.459 4663.233 4829.228 4994.195 5163.413 5336.146 5505.541 5685.011 5873.363 6073.834 6289.593 6521.12 6780.905 7064.126 6980.656 6776.06 6613.557 6477.839 6354.529 6235.893 6071.539 5737.96 5328.769 4940.48 4586.925 4268.258 3976.094 3707.475 3462.501 3235.206 3030.621 2842.4 2668.233 2508.419 2360.419 2223.662 2100.372
1372.216 1419.566 1468.815 1518.108 1567.896 1617.624 1671.804 1730.556 1791.969 1856.278 1922.735 1989.745 2059.566 2133.015 2206.477 2283.15 2364.63 2456.854 2563.926 2682.555 2807.199 2941.554 3079.193 3221.408 3367.501 3521.673 3676.472 3829.742 3982.554 4139.274 4300.407 4463.542 4632.272 4800.35 4961.235 5127.126 5303.962 5476.891 5653.13 5836.751 6033.188 6243.541 6467.382 6715.909 7013.865 7074.747 6847.81 6663.991 6513.428 6383.029 6276.578 6199.667 5951.119 5454.75 5021.443 4639.667 4303.195 4002.271 3730.457 3482.559 3252.043 3046.36 2858.531 2683.441 2520.335 2367.859 2225.938 2097.583
1372.375 1419.905 1470.765 1520.677 1568.789 1617.589 1670.948 1729.107 1790.452 1855.38 1922.882 1991.337 2062.475 2136.854 2211.691 2290.298 2373.794 2466.354 2568.625 2678.396 2794.701 2922.712 3055.544 3191.99 3332.908 3483.02 3634.863 3786.379 3938.206 4095.823 4259.715 4423.618 4588.56 4754.319 4918.174 5086.178 5261.269 5432.378 5607.811 5788.434 5975.606 6171.626 6374.385 6582.122 6778.213 6879.945 6810.582 6659.624 6508.44 6363.612 6231.407 6106.171 5905.079 5491.942 5052.694 4652.546 4301.247 3995.509 3725.12 3482.058 3257.845 3056.003 2868.77 2693.14 2528.347 2372.705 2225.17 2090.74
1369.561 1416.114 1465.438 1516.47 1564.713 1613.225 1666.057 1723.843 1785.015 1850.267 1918.781 1988.932 2061.831 2137.831 2214.362 2294.573 2379.262 2471.438 2570.719 2675.239 2784.697 2905.187 3031.588 3161.613 3296.958 3440.502 3586.319 3736.694 3890.45 4050.04 4215.884 4378.713 4535.636 4696.711 4867.11 5039.8 5209.869 5376.103 5551.725 5730.34 5906.062 6084.971 6265.806 6436.087 6587.865 6683.77 6684.172 6602.458 6468.949 6315.082 6153.689 5979.006 5751.237 5420.785 5020.902 4618.357 4257.917 3953.892 3692.197 3461.738 3251.144 3057.357 2872.242 2697.477 2532.531 2375.32 2223.254 2083.419
1364.691 1409.238 1455.667 1504.614 1554.695 1603.577 1656.354 1713.964 1774.864 1839.926 1909.042 1980.795 2055.836 2134.281 2213.04 2294.723 2380.04 2470.939 2567.672 2669.508 2774.19 2886.345 3004.554 3127.926 3257.962 3396.53 3538.1 3686.911 3841.05 3999.508 4162.494 4323.662 4478.855 4638.625 4810.195 4983.059 5150.194 5313.506 5485.189 5658.181 5827.294 5995.959 6160.485 6306.568 6432.673 6519.057 6544.173 6503.985 6409.608 6255.433 6073.592 5869.664 5624.617 5316.32 4946.213 4547.158 4180.198 3885.085 3642.783 3430.525 3234.367 3049.935 2869.565 2697.335 2533.074 2375.741 2222.759 2081.61
1357.602 1399.576 1443.679 1490.705 1540.093 1588.862 1641.768 1699.181 1759.383 1823.743 1893.069 1966.259 2043.678 2125.166 2206.62 2289.73 2375.005 2463.701 2558.054 2659.367 2761.333 2864.82 2973.759 3090.522 3215.21 3350.221 3489.404 3636.167 3789.044 3943.502 4099.664 4258.749 4418.305 4580.251 4748.75 4918.308 5084.743 5247.509 5412.322 5576.948 5744.118 5909.458 6062.487 6191.713 6300.49 6376.783 6408.607 6391.418 6326.544 6183.721 5990.226 5771.686 5518.637 5217.161 4861.5 4462.878 4072.013 3784.737 3577.146 3390.519 3209.436 3035.176 2861.709 2693.544 2530.836 2374.729 2224.018 2085.526
1347.108 1387.326 1429.392 1474.395 1522.427 1570.587 1623.067 1679.705 1738.813 1802.24 1870.959 1944.33 2023.442 2108.304 2193.263 2277.85 2362.311 2448.744 2541.592 2643.772 2744.513 2840.58 2940.927 3050.85 3169.509 3299.963 3435.853 3579.485 3729.948 3881.305 4034.018 4192.166 4353.272 4514.695 4680.167 4846.443 5010.68 5171.898 5331.919 5490.683 5657.493 5817.534 5963.891 6084.684 6183.775 6252.658 6283.925 6273.502 6221.644 6111.54 5918.14 5693.881 5440.766 5147.317 4806.152 4417.281 3993.507 3660.254 3507.32 3347.174 3181.514 3017.533 2850.862 2687.398 2527.992 2374.509 2226.093 2090.894
1331.103 1371.266 1411.66 1454.547 1501.162 1548.45 1599.679 1654.766 1712.493 1774.702 1841.841 1913.576 1992.806 2080.526 2170.087 2257.221 2339.44 2423.007 2514.088 2617.402 2720.915 2810.998 2903.239 3006.203 3118.804 3244.328 3376.118 3515.456 3661.94 3811.802 3965.6 4124.322 4284.031 4442.398 4605.977 4769.93 4930.807 5089.204 5247.276 5407.93 5566.326 5716.026 5859.509 5980.195 6076.666 6142.577 6172.634 6161.924 6108.059 5993.584 5831.35 5619.484 5376.25 5097.218 4777.42 4415.794 4028.918 3680.678 3479.904 3321.131 3162.078 3004.057 2841.63 2682.357 2527.637 2378.085 2231.173 2098.531
1313.591 1352.781 1391.934 1433.043 1477.939 1523.823 1573.342 1626.536 1682.417 1742.715 1807.609 1876.994 1954.703 2042.622 2134.764 2229.705 2307.919 2387.042 2474.894 2575.651 2684.563 2773.715 2858.568 2955.762 3063.329 3184.092 3311.4 3446.131 3588.312 3735.527 3888.413 4045.757 4202.098 4361.153 4524.352 4687.12 4845.969 5002.882 5160.118 5319.908 5473.331 5616.942 5759.188 5880.975 5978.163 6045.205 6077.126 6068.313 6015.826 5907.444 5756.907 5560.331 5332.098 5067.889 4769.492 4437.287 4090.785 3769.871 3518.857 3328.103 3159.431 2999.78 2838.175 2681.193 2529.537 2382.919 2237.629 2107.734
1294.788 1332.029 1370.18 1409.948 1452.605 1496.401 1544 1595.091 1648.593 1706.098 1768.177 1834.9 1909.567 1994.087 2082.627 2175.344 2259.523 2338.683 2424.741 2518.933 2617.946 2713.839 2802.495 2897.938 3002.754 3118.658 3240.458 3370.327 3508.304 3651.06 3799.44 3954.73 4113.082 4273.187 4434.601 4595.375 4753.028 4909.21 5066.101 5225.715 5379.979 5524.502 5665.103 5785.169 5884.838 5958.22 5997.533 5996.717 5951.236 5850.166 5706.729 5520.373 5301.165 5050.613 4770.728 4463.113 4145.789 3844.077 3580.454 3362.471 3176.195 3008.788 2845.181 2688.665 2537.258 2391.79 2248.413 2121.606
1274.978 1309.795 1346.397 1384.495 1424.866 1466.509 1512.105 1560.926 1611.964 1666.462 1725.159 1788.407 1859.127 1939.122 2022.302 2108.125 2193.744 2278.07 2364.071 2453.063 2544.814 2639.567 2733.532 2830.721 2934.76 3047.36 3164.925 3290.821 3425.293 3564.303 3708.878 3862.197 4021.315 4181.427 4341.13 4499.745 4656.033 4811.492 4967.558 5126.785 5281.59 5427.203 5567.684 5688.724 5793.529 5876.12 5926.475 5937.963 5903.912 5811.742 5675.432 5497.01 5284.819 5044.955 4779.383 4490.336 4193.615 3906.505 3642.882 3411.882 3210.723 3032.657 2863.466 2704.721 2551.817 2406.321 2263.926 2139.479
1253.747 1286.223 1320.321 1356.039 1394.311 1433.947 1477.163 1523.275 1572.008 1624.102 1679.536 1738.774 1804.73 1879.668 1958.009 2039.638 2122.68 2205.881 2289.683 2376.51 2465.02 2559.16 2655.978 2754.03 2857.092 2968.596 3084.652 3208.109 3339.59 3477.057 3621.849 3774.143 3929.346 4086.368 4245.649 4405.52 4560.567 4715.943 4869.104 5025.193 5176.854 5320.511 5462.669 5589.068 5699.726 5789.578 5851.386 5878.292 5860.349 5782.281 5657.014 5488.183 5283.363 5051.734 4797.32 4521.525 4239.553 3964.013 3704.563 3469.415 3259.292 3071.482 2895.086 2731.934 2576.275 2429.336 2285.864 2162.073
1232.346 1262.643 1294.075 1327.243 1363.263 1400.812 1441.512 1484.969 1531.516 1581.294 1633.543 1688.518 1749.008 1818.45 1892.633 1970.993 2050.72 2130.279 2210.965 2296.16 2382.434 2475.713 2573.282 2670.817 2772.77 2883.49 2998.494 3119.974 3248.734 3384.762 3529.676 3680.859 3832.214 3985.974 4144.423 4302.928 4459.089 4614.182 4764.625 4917.698 5066.498 5208.733 5352.858 5485.002 5602.092 5700.292 5775.739 5821.671 5824.715 5764.771 5652.994 5493.071 5293.581 5066.669 4818.921 4551.145 4278.934 4011.857 3757.218 3522.238 3308.177 3113.821 2931.317 2763.506 2604.326 2455.043 2309.59 2185.667
1209.208 1237.618 1266.779 1297.533 1330.754 1365.526 1403.961 1445.296 1489.202 1535.964 1584.985 1635.86 1690.849 1753.491 1824.701 1900.092 1976.596 2053.546 2132.307 2216.498 2301.486 2392.276 2487.817 2584.227 2685.699 2795.675 2909.104 3030.087 3158.943 3292.676 3433.282 3581.749 3732.105 3883.52 4036.113 4188.956 4342.278 4498.917 4651.764 4807.437 4955.956 5098.27 5241.077 5373.749 5497.769 5609.472 5701.184 5766.471 5793.861 5757.225 5662.726 5510.889 5313.609 5088.43 4842.724 4577.587 4310.631 4050.803 3802.786 3571.38 3357.488 3159.598 2971.999 2799.838 2638.579 2487.622 2339.745 2215.355
1185.046 1212.42 1239.486 1267.706 1297.952 1329.807 1365.883 1405.122 1446.628 1490.759 1537.198 1585.455 1636.72 1693.234 1759.608 1831.469 1904.326 1978.017 2054.011 2136.515 2219.811 2307.85 2400.718 2495.032 2595.191 2704.021 2815.794 2936.003 3064.76 3196.199 3332.603 3478.494 3627.716 3776.641 3923.465 4070.726 4221.016 4375.316 4533.279 4691.111 4839.268 4981.613 5122.866 5255.658 5385.738 5509.545 5616.073 5700.335 5755.084 5750.17 5682.516 5543.075 5345.006 5117.566 4870.352 4603.679 4337.994 4082.663 3840.715 3614.245 3403.292 3204.574 3014.192 2838.947 2676.111 2523.288 2372.618 2247.411
1159.885 1187.401 1212.3 1237.799 1265.272 1294.45 1327.983 1365.062 1404.725 1447.036 1491.427 1537.533 1586.704 1641.634 1701.275 1767.616 1836.278 1906.528 1979.446 2059.69 2140.743 2224.511 2313.034 2404.289 2502.291 2611.199 2723.523 2842.224 2967.827 3096.27 3230.175 3373.355 3517.677 3662.386 3808.341 3954.276 4101.323 4253.194 4406.137 4559.604 4709.251 4858.024 5000.939 5136.567 5269.265 5396.632 5512.748 5615.471 5697.281 5732.446 5710.3 5588.941 5385.488 5152.167 4900.944 4629.759 4361.775 4107.91 3870.938 3649.046 3441.155 3244.839 3057.436 2881.986 2715.756 2558.664 2404.087 2276.973
1133.458 1158.859 1183.663 1207.358 1232.5 1258.961 1289.734 1324.695 1362.73 1403.499 1446.041 1490.167 1537.553 1590.44 1646.185 1707.616 1771.913 1838.629 1908.335 1985.82 2063.993 2142.791 2226.327 2313.71 2408.866 2517.416 2630.435 2747.788 2870.177 2995.655 3126.973 3266.979 3405.827 3545.976 3691.329 3836.019 3979.72 4129.186 4276.35 4424.279 4575.061 4726.958 4871.455 5009.722 5143.746 5272.177 5394.486 5510.608 5611.132 5675.703 5717.462 5645.833 5425.406 5185.544 4932.138 4656.423 4384.257 4129.232 3896.156 3679.895 3477.258 3285.604 3103.573 2929.532 2760.47 2599.091 2440.231 2310.807
1106.632 1130.323 1154.027 1177.091 1200.808 1224.741 1251.855 1284.651 1321.065 1360.145 1401.214 1444.109 1489.848 1540.401 1593.08 1650.668 1710.987 1774.859 1841.598 1914.488 1987.855 2062.41 2141.213 2225.019 2317.567 2423.925 2535.716 2652.004 2772.481 2895.348 3023.159 3159.803 3294.942 3431.206 3572.73 3713.417 3853.999 4001.537 4146.829 4292.654 4440.814 4590.621 4735.27 4875.971 5012.444 5143.811 5269.81 5390.107 5496.504 5569.406 5627.4 5631.913 5434.515 5203.357 4956.583 4682.514 4408.256 4148.051 3914.738 3706.469 3514.603 3328.924 3149.504 2975.708 2805.816 2641.316 2478.073 2346.235
1080.97 1103.237 1125.855 1148.302 1171.206 1193.722 1216.569 1246.539 1281.422 1318.658 1358.401 1400.23 1444.264 1492.419 1542.357 1596.7 1653.572 1714.915 1778.861 1846.862 1915.138 1985.726 2059.532 2138.533 2226.986 2329.757 2439.467 2554.656 2673.517 2793.797 2917.942 3051.385 3183.189 3315.653 3452.643 3588.688 3726.336 3871.948 4016.502 4161.784 4306.519 4452.617 4596.787 4739.677 4878.662 5013.188 5141.439 5261.769 5367.577 5437.914 5484.749 5481.774 5374.351 5190.896 4968.437 4706.644 4436.194 4167.735 3925.828 3727.22 3550.995 3373.083 3195.703 3021.649 2851.458 2684.505 2517.085 2382.83
