data/raw/spatial/rfgrid_mm_oahu_ann.txt
ncols         320
nrows         250
xllcorner     -158.322
yllcorner     21.18
cellsize      0.00225
NODATA_value  -9999
[rows 180 to 209 of 250, columns 204 to 271 of 320]
1222.477 1274.994 1329.239 1392.189 1469.455 1557.18 1647.73 1736.162 1816.145 1882.271 1942.38 2001.566 2076.552 2186.469 2314.85 2449.352 2589.25 2731.996 2881.085 3040.426 3215.683 3421.546 3702.257 3864.918 3806.464 3815.332 3817.591 3753.171 3672.896 3602.239 3536.052 3471.372 3405.117 3340.243 3271.355 3200.808 3126.068 3047.613 2959.948 2867.217 2770.493 2671.859 2572.641 2474.071 2377.895 2283.51 2192.428 2105.596 2020.423 1936.863 1853.732 1771.019 1689.064 1619.983 1598.773 1579.981 1553.146 1515.299 1469.621 1417.597 1364.068 1307.934 1251.747 1197.926 1148.781 1102.592 1060.218 1034.183
1165.359 1215.853 1268.851 1328.022 1396.813 1477.771 1565.88 1656.71 1747.859 1815.083 1878.757 1944.343 2023.377 2125.255 2247.497 2381.237 2523.374 2669.147 2823.389 2990.483 3165.986 3356.89 3611.584 3892.342 3827.453 3842.902 3931.83 3851.71 3723.946 3637.285 3567.027 3499.095 3429.559 3363.886 3298.367 3233.696 3165.366 3093.774 3013.215 2925.8 2832.459 2735.358 2636.535 2537.919 2441.237 2346.321 2255.141 2168.656 2084.658 2002.473 1921.726 1842.389 1763.23 1687.925 1657.538 1644.161 1622.267 1588.305 1544.393 1490.616 1432.222 1370.577 1308.855 1249.535 1195.749 1145.784 1101.699 1069.433
1110.448 1157.995 1208.893 1264.885 1328.035 1402.61 1484.823 1570.516 1657.986 1736.416 1806.452 1877.283 1958.769 2056.429 2172.406 2305.239 2449.875 2595.498 2749.679 2923.72 3102.453 3258.706 3420.353 3586.647 3682.992 3735.836 3836.318 3861.105 3725.554 3639.385 3578.491 3514.925 3439.873 3370.331 3307.001 3248.035 3187.558 3124.723 3053.575 2973.31 2883.745 2787.84 2688.754 2589.255 2492.093 2397.838 2307.699 2221.885 2139.641 2060.606 1984.695 1911.827 1842.348 1781.799 1742.325 1720.228 1698.778 1666.443 1621.872 1564.502 1500.687 1433.425 1367.188 1303.632 1245.228 1191.538 1144.892 1105.481
1057.696 1101.87 1150.289 1203.11 1261.594 1330.275 1405.55 1483.905 1566.405 1647.427 1724.567 1800.608 1883.67 1977.559 2087.918 2219.977 2371.94 2518.525 2659.392 2829.908 3046.029 3155.93 3245.165 3355.716 3459.391 3544 3618.955 3665.19 3635.275 3585.994 3552.868 3517.6 3434.762 3358.021 3296.525 3243.708 3192.429 3140.405 3081.638 3011.245 2926.591 2831.504 2731.399 2630.508 2532.773 2439.609 2350.995 2266.198 2186.049 2110.811 2040.348 1974.258 1913.945 1864.032 1828.045 1802.597 1781.312 1750.905 1705.172 1642.539 1571.627 1497.536 1426.328 1358.464 1295.088 1237.141 1186.424 1141.359
1013.199 1054.424 1099.626 1148.392 1201.949 1264.425 1332.776 1404.77 1481.619 1559.263 1638.06 1716.927 1800.567 1891.686 1995.94 2119.013 2267.095 2436.341 2542.998 2682.475 2874.849 3013.808 3061.776 3141.76 3234.309 3320.621 3397.327 3451.194 3471.524 3465.649 3458.183 3457.237 3394.119 3316.261 3259.365 3213.788 3171.86 3131.36 3087.119 3030.339 2953.112 2859.078 2757.761 2655.502 2557.226 2464.334 2376.827 2293.93 2216.666 2144.87 2079.156 2019.115 1966.159 1923.778 1893.247 1871.494 1855.803 1833.005 1789.424 1720.534 1640.532 1558.059 1479.888 1406.493 1339.132 1277.909 1223.295 1173.878
968.629 1007.257 1049.097 1093.515 1142.094 1198.498 1260.425 1326.357 1397.849 1470.698 1547.35 1626.061 1708.965 1798.04 1896.775 2007.534 2135.866 2281.599 2403.221 2516.066 2643.898 2764.887 2846.864 2923.161 3011.86 3098.775 3176.107 3236.838 3281.518 3303.297 3312.89 3314.113 3288.616 3240.692 3196.64 3160.733 3128.167 3098.983 3070.554 3034.399 2970.915 2876.896 2773.076 2669.237 2570.509 2477.613 2391.079 2310.656 2236.605 2167.853 2106.058 2050.852 2003.26 1965.823 1939.48 1922.501 1914.671 1906.831 1876.878 1800.53 1707.875 1615.45 1529.114 1449.571 1379.002 1315.28 1257.144 1204.17
925.8784 961.8033 1001.111 1041.81 1085.044 1135.034 1190.34 1250.013 1315.935 1384.092 1456.772 1532.348 1612.219 1697.654 1790.423 1890.682 2002.436 2124.288 2236.698 2339.121 2438.794 2534.636 2616.775 2690.704 2783.221 2876.122 2956.863 3023.913 3078.493 3115.798 3138.499 3149.007 3142.833 3123.4 3098.432 3074.531 3050.6 3032.171 3015.592 3001.593 2972.265 2871.833 2763.779 2659.244 2561.198 2469.605 2385.127 2307.455 2236.596 2171.357 2113.429 2061.844 2017.789 1983.292 1959.141 1944.135 1939.688 1942.462 1948.773 1868.694 1760.687 1660.196 1568.164 1484.438 1410.904 1344.686 1283.926 1228.401
885.3792 917.9025 955.3758 993.6198 1030.822 1073.789 1122.185 1175.389 1235.879 1299.813 1368.808 1439.835 1515.225 1595.773 1681.982 1773.998 1874.639 1980.311 2078.581 2169.778 2254.319 2333.433 2404.908 2466.124 2546.616 2656.698 2741.606 2814.184 2875.758 2922.953 2957.973 2981.353 2990.534 2989.004 2979.271 2966.175 2950.075 2937.091 2925.837 2917.462 2904.588 2829.675 2727.341 2627.315 2533.285 2445.404 2364.6 2290.138 2222.549 2161.179 2107.097 2058.379 2016.693 1983.825 1960.144 1944.03 1936.64 1934.103 1930.395 1884.045 1787.607 1688.577 1596.164 1511.487 1435.812 1367.506 1305.386 1248.477
846.5365 875.0396 909.1718 947.4835 977.7755 1014.338 1056.273 1103.298 1158.158 1217.299 1281.437 1347.883 1418.279 1492.784 1571.768 1655.85 1747.326 1844.724 1934.25 2011.659 2082.827 2150.497 2214.308 2274.15 2342.412 2438.722 2527.224 2603.876 2670.4 2724.244 2768.641 2802.57 2823.675 2835.527 2838.245 2834.957 2826.158 2817.752 2808.878 2798.919 2779.744 2731.416 2653.455 2566.138 2480.26 2398.255 2322.263 2251.96 2188.18 2130.288 2079.274 2033.099 1993.479 1961.979 1938.17 1920.043 1907.895 1896.741 1880.081 1842.338 1774.902 1690.245 1604.449 1522.984 1447.976 1379.635 1317.495 1260.438
809.054 833.4734 861.7 892.7436 922.7513 955.4167 991.6559 1032.795 1082.023 1135.938 1195.414 1259.397 1325.592 1392.995 1463.543 1538.028 1618.218 1707.412 1803.087 1862.623 1920.451 1979.847 2038.465 2097.467 2162.035 2239.015 2321.061 2397.886 2466.849 2525.337 2577.239 2620.051 2648.252 2670.611 2683.357 2688.662 2686.668 2683.251 2676.475 2666.045 2646.903 2609.558 2551.996 2481.354 2407.138 2333.568 2264.142 2199.155 2139.807 2084.399 2035.211 1991.795 1954.419 1924.292 1900.392 1880.635 1864.776 1848.008 1825.745 1790.794 1738.818 1670.22 1595.65 1521.098 1449.597 1383.319 1322.361 1266.068
781.0115 801.9912 825.1747 850.3069 876.9874 906.3807 937.3026 972.8311 1017.009 1066.123 1120.541 1180.119 1241.691 1302.299 1364.591 1429.108 1496.621 1570.603 1646.79 1711.45 1764.719 1819.654 1874.754 1931.78 1992.873 2060.373 2132.454 2205.184 2273.078 2332.993 2388.982 2437.376 2471.142 2500.307 2520.13 2529.725 2533.543 2534.446 2529.444 2519.458 2501.851 2471.426 2427.278 2371.541 2310.036 2246.526 2185.027 2126.127 2071.651 2019.453 1972.71 1932.274 1897.134 1868.397 1844.688 1824.003 1805.991 1786.422 1761.73 1728.686 1685.017 1628.608 1565.698 1499.982 1434.246 1372.021 1313.925 1259.727
754.1744 771.8563 791.6796 812.7813 835.1808 860.527 886.3535 915.4568 956.0466 1001.28 1050.336 1103.904 1159.74 1215.588 1271.786 1326.856 1382.244 1440.733 1499.879 1558.272 1611.466 1664.61 1718.03 1773.559 1831.71 1894.1 1959.615 2027.076 2090.768 2149.05 2205.811 2256.59 2294.294 2328.398 2350.346 2365.061 2372.98 2376.705 2373.74 2365.465 2350.324 2325.336 2290.668 2246.998 2197.461 2144.139 2091.232 2039.684 1991.299 1944.59 1902.448 1864.77 1831.418 1803.938 1780.577 1759.45 1740.217 1719.262 1693.801 1662.654 1624.451 1576.766 1523.531 1466.503 1407.85 1351.133 1297.004 1245.922
728.2778 742.991 761.43 779.5175 798.1402 820.2229 843.1628 866.5433 901.7707 942.2352 985.436 1032.755 1082.8 1134.012 1183.816 1230.434 1274.944 1320.828 1367.093 1416.533 1465.135 1513.241 1566.336 1621.823 1678.31 1737.462 1798.22 1860.237 1918.478 1973.169 2028.078 2078.44 2117.915 2151.792 2177.331 2196.077 2207.533 2213.943 2213.25 2206.977 2194.091 2173.114 2145.231 2110.919 2071.712 2028.126 1983.986 1940.201 1898.385 1857.644 1820.494 1785.928 1754.747 1728.903 1706.477 1685.802 1666.419 1645.299 1620.411 1591.591 1557.807 1516.921 1471.862 1422.967 1371.638 1321.035 1271.645 1224.504
709.2518 721.0236 736.2353 751.2795 766.9662 787.0357 808.3864 830.8485 858.6631 891.8344 928.6006 970.1536 1014.388 1059.932 1103.669 1141.498 1176.935 1213.642 1250.34 1289.942 1331.855 1376.327 1425.524 1479.96 1535.564 1591.727 1647.288 1703.451 1756.11 1805.887 1856.274 1900.883 1939.812 1974.853 2002.996 2024.932 2040.126 2049.919 2052.219 2048.464 2037.557 2019.054 1995.675 1968.451 1937.958 1903.595 1867.967 1830.522 1794.082 1759.506 1727.492 1697.386 1669.908 1646.21 1625.049 1605.429 1586.695 1566.304 1542.943 1516.812 1486.884 1451.656 1413.316 1371.445 1326.693 1281.915 1237.778 1195.129
691.0989 701.5123 713.1452 725.5466 738.6218 756.934 776.3698 796.7426 820.15 846.8229 877.1698 912.5887 950.3175 989.2115 1029.843 1059.899 1087.602 1115.774 1143.84 1173.559 1208.545 1250.336 1296.834 1348.545 1402.144 1455.023 1505.807 1556.553 1603.768 1647.973 1690.468 1730.313 1766.82 1801.428 1831.153 1855.774 1874.612 1888.003 1893.742 1892.873 1883.851 1866.725 1845.79 1823.627 1800.406 1774.227 1746.361 1714.78 1683.503 1655.117 1628.357 1602.864 1579.317 1558.092 1538.548 1520.367 1502.769 1483.632 1462.457 1439.333 1413.161 1383.007 1350.45 1314.793 1276.104 1237.026 1198.285 1160.393
674.8384 687.6834 693.0579 702.0282 711.5074 729.7493 746.7469 764.4559 784.8291 807.2632 832.075 861.1976 892.0798 924.4097 957.5468 985.6392 1008.605 1030.347 1050.003 1069.618 1097.591 1137.266 1182.09 1230.911 1280.986 1330.431 1377.867 1422.982 1465.026 1503.558 1539.828 1573.643 1605.439 1637.547 1667.928 1694.987 1717.073 1733.654 1742.449 1744.111 1737.374 1721.851 1701.248 1681.228 1664.039 1645.011 1624.108 1599.61 1574.908 1551.354 1528.689 1507.603 1487.86 1469.618 1452.417 1435.401 1418.428 1400.66 1381.831 1361.619 1339.114 1313.474 1285.897 1255.809 1223.103 1189.85 1156.124 1122.811
662.4798 672.194 681.855 691.3968 700.0211 713.5614 727.5493 742.3699 759.5886 778.5236 798.6644 822.0109 846.922 873.2344 900.0345 923.413 942.7916 960.0656 973.721 984.9413 999.7938 1038.679 1081.989 1127.439 1173.17 1218.256 1261.643 1302.369 1339.449 1372.445 1402.251 1429.009 1453.924 1481.245 1511.087 1540.357 1565.847 1585.809 1597.885 1602.456 1598.653 1585.521 1564.228 1540.519 1529.288 1516.638 1501.173 1482.53 1463.623 1444.32 1425.562 1409.022 1393.237 1378.078 1363.235 1347.459 1331.326 1315.208 1298.781 1281.327 1262.278 1240.719 1217.565 1192.442 1165.192 1137.385 1108.494 1079.715
647.753 658.8751 669.9665 679.2646 688.2745 698.9719 710.4279 722.7015 737.334 752.9055 769.2946 788.5629 808.7792 829.5947 850.834 869.9742 886.4889 901.5194 913.0567 922.1765 931.3036 959.3977 998.0882 1039.184 1080.499 1121.36 1160.784 1197.457 1230.196 1258.478 1282.748 1302.689 1319.218 1338.645 1366.482 1398.393 1427.542 1451.009 1466.42 1474.168 1473.557 1463.615 1445.452 1421.265 1408.491 1398.762 1386.069 1370.631 1355.58 1340.723 1326.55 1313.908 1301.36 1288.95 1276.4 1262.675 1248.487 1234.248 1219.661 1204.561 1188.488 1170.407 1151.021 1130.053 1107.135 1083.835 1059.973 1036.039
632.277 638.5185 657.0038 667.6873 678.5898 685.6834 694.6885 700.2949 716.0491 728.986 742.2199 758.3468 774.6722 790.9322 807.5975 823.181 837.0854 850.5203 861.2965 870.6072 881.1773 899.7668 928.5273 963.0254 999.0428 1035.388 1070.828 1103.745 1132.829 1157.412 1177.54 1192.304 1201.005 1208.134 1229.639 1265.603 1298.859 1325.614 1344.061 1354.828 1357.458 1351.218 1338.149 1321.179 1305.407 1292.002 1278.62 1263.541 1250.141 1239.022 1229.424 1220.544 1211.039 1201.303 1191.078 1179.647 1167.669 1155.295 1142.408 1129.555 1116.316 1101.483 1085.561 1068.334 1049.24 1029.986 1010.953 991.7209
621.3256 627.9666 640.2546 652.6914 663.4806 672.9244 681.7968 690.847 700.0391 710.1376 720.7064 734.0306 747.4433 760.9384 774.6029 787.3175 798.9778 810.7302 820.5886 829.7723 839.7683 854.2047 875.4812 903.2055 933.7548 965.4656 996.9485 1026.488 1052.668 1074.618 1091.988 1103.926 1108.931 1107.645 1107.715 1151.918 1188.057 1216.817 1237.302 1250.335 1255.908 1253.41 1244.755 1232.063 1217.556 1202.384 1187.217 1169.796 1154.352 1145.414 1140.103 1134.81 1128.126 1120.35 1111.626 1101.857 1091.643 1080.874 1069.663 1058.971 1048.403 1036.621 1023.933 1010.247 995.0186 979.619 964.6205 949.4244
612.6804 617.9304 625.6314 635.9213 648.6027 660.197 668.7474 677.0423 684.6746 692.8809 700.923 711.6901 722.6655 734.1492 745.6115 756.0392 765.8672 776.0485 784.8643 793.6703 802.5232 813.7571 830.0579 852.4996 878.1576 905.45 933.1028 959.4892 983.2067 1003.172 1018.794 1029.754 1034.782 1035.687 1039.813 1062.76 1093.634 1120.964 1141.532 1155.528 1163.167 1163.683 1158.372 1148.625 1136.139 1121.911 1106.548 1087.258 1066.813 1056.604 1056.253 1054.333 1050.251 1044.059 1036.399 1027.934 1019.131 1009.664 999.9196 991.2631 983.2281 974.3515 964.7748 954.4391 942.8666 931.0593 919.7123 908.2195
606.2935 610.4775 614.8307 620.2343 627.1693 642.5976 655.0131 667.9451 671.4022 677.3859 681.3013 691.8033 701.2225 710.9617 720.8436 730.0762 738.9929 748.135 756.3016 764.6259 772.3688 780.7615 792.9447 811.8821 833.7893 857.6659 882.3858 906.0306 927.2693 945.5377 960.4256 971.6455 978.2289 982.4481 987.9346 1000.17 1020.43 1042.337 1060.719 1074.371 1082.995 1085.421 1082.52 1075.135 1064.674 1051.884 1037.471 1019.512 1000.079 984.773 984.4272 984.1063 981.6096 976.7239 970.2043 962.5377 954.2402 945.2563 936.4762 929.4774 923.7914 917.6685 911.0275 903.6907 895.2097 886.4819 878.1727 869.7899
-9999 -9999 -9999 -9999 -9999 -9999 638.9735 650.7896 658.523 665.0409 671.0691 678.1724 685.8572 693.6642 701.4062 709.8337 718.2867 726.5582 734.2068 741.984 748.9006 755.9578 763.051 780.0762 798.9837 819.9566 842.1942 863.3239 881.997 898.5651 913.0524 924.7466 932.8476 939.3036 943.3968 949.7618 962.0612 977.3429 992.0093 1004.091 1012.544 1015.788 1014.449 1008.937 1000.245 988.7673 975.7845 960.798 945.3539 932.2305 925.549 923.3489 920.91 916.9631 911.6699 904.598 896.4039 887.5491 879.1197 873.1651 869.5825 866.0583 861.9747 857.1418 851.3413 845.2517 839.369 833.4877
-9999 -9999 -9999 -9999 -9999 613.2631 622.3266 632.7943 644.2245 653.2107 659.7142 665.1143 671.58 678.6232 685.2793 692.8474 700.6572 708.6573 716.3496 723.919 730.557 737.8481 745.8225 757.3338 772.3015 790.0987 809.6991 828.483 845.1054 860.1947 873.6254 884.9724 893.7989 901.2437 904.5053 908.0101 915.3469 925.1016 935.6451 945.1728 952.4061 955.4103 954.6915 950.4957 943.3684 933.5745 922.4946 910.2756 897.7745 886.3625 878.0173 873.4449 869.9202 866.17 861.6183 855.1857 847.5247 839.0031 830.058 823.6572 821.7587 820.6818 818.9108 816.2599 812.5862 808.5557 804.6376 800.825
-9999 -9999 -9999 -9999 -9999 -9999 609.2408 612.1575 625.6981 638.376 648.2197 655.6918 661.5773 667.2915 671.2103 677.4446 683.8381 692.5666 700.8422 708.4975 715.0344 722.6863 730.9261 740.327 751.4945 765.8977 782.564 798.9996 813.9394 827.5984 839.1849 849.3541 858.1005 865.5195 869.009 871.7881 875.9005 881.4486 888.1497 894.657 899.9772 901.976 901.2458 898.0759 892.4996 884.7052 875.751 865.6683 855.2706 845.4858 837.2775 831.2421 826.2769 822.0059 817.5853 811.8049 805.004 797.2319 788.3635 779.7304 779.0018 780.5435 780.964 780.3193 778.1724 775.6205 773.2654 770.9974
-9999 -9999 -9999 -9999 -9999 -9999 -9999 603.657 -9999 620.944 629.3207 638.1738 645.6282 652.5608 657.1907 662.5569 668.8294 676.5427 684.5497 692.3491 699.1136 707.0993 715.5065 724.0967 733.3318 745.3521 759.5262 773.7473 786.96 799.1446 809.2605 818.5603 827.0729 834.0659 837.1849 839.1699 841.1022 843.7992 847.5831 851.4913 854.9813 855.9547 854.9169 852.368 848.0206 841.8812 834.7333 826.5481 818.0317 810.0526 802.7497 796.3074 790.5386 785.7505 781.2979 776.0664 770.0116 763.183 755.874 749.2786 746.7905 748.2842 749.6128 -9999 -9999 -9999 746.783 745.574
-9999 -9999 -9999 -9999 -9999 -9999 -9999 -9999 -9999 -9999 -9999 620.6707 629.6095 638.3683 644.6944 650.3662 656.171 662.3329 669.249 677.3298 684.6857 692.8834 701.2754 709.3771 717.533 727.8441 739.6458 751.4587 762.4781 772.7341 781.6817 790.4387 798.8009 805.2886 807.328 808.0696 808.8073 810.0636 812.1301 814.3485 816.7538 817.4317 816.3768 813.927 810.0967 804.8381 798.8146 792.2385 785.2302 778.6065 772.1832 766.0198 760.2368 755.2386 750.6537 745.7592 740.6126 735.0963 -9999 -9999 -9999 -9999 -9999 -9999 -9999 -9999 -9999 723.8741
-9999 -9999 -9999 -9999 -9999 -9999 -9999 -9999 -9999 -9999 -9999 -9999 -9999 614.9219 628.8465 638.8163 648.6114 655.3467 660.8141 667.3206 671.7362 679.6693 689.1391 696.9835 704.656 714.0405 723.5577 733.1552 742.2888 750.5939 757.8411 765.199 772.8884 779.1053 780.0183 779.9292 780.0151 780.4195 781.4738 782.6409 784.245 784.6772 783.6454 781.1548 777.5743 772.7875 767.4671 762.0134 756.0811 750.2719 744.4157 738.6673 -9999 -9999 -9999 -9999 -9999 -9999 -9999 -9999 -9999 -9999 -9999 -9999 -9999 -9999 -9999 705.0635
-9999 -9999 -9999 -9999 -9999 -9999 -9999 -9999 -9999 -9999 -9999 -9999 -9999 -9999 -9999 -9999 627.89 635.5117 643.0245 650.9756 657.2215 664.1827 671.6924 679.3309 687.2516 696.0398 704.3453 712.9584 722.0997 729.9225 735.8486 741.6223 747.3821 752.8358 754.2905 754.7991 754.9732 755.1743 756.3248 757.8246 759.3491 759.3801 758.2699 755.9943 752.7936 748.5591 743.9479 739.1085 733.8539 -9999 -9999 -9999 -9999 -9999 -9999 -9999 -9999 -9999 -9999 -9999 -9999 -9999 -9999 -9999 -9999 -9999 -9999 690.9138
-9999 -9999 -9999 -9999 -9999 -9999 -9999 -9999 -9999 -9999 -9999 -9999 -9999 -9999 -9999 -9999 611.803 619.7222 627.7653 636.0006 643.1542 650.4636 658.1564 665.2358 672.6345 680.3755 687.2175 694.7554 703.7158 711.2457 716.4482 721.2313 725.3298 728.5804 731.299 733.1695 733.6906 733.8995 735.2041 736.9844 738.4714 738.0991 736.7856 -9999 -9999 -9999 -9999 -9999 -9999 -9999 -9999 -9999 -9999 -9999 -9999 -9999 -9999 -9999 -9999 -9999 -9999 -9999 -9999 -9999 -9999 -9999 -9999 678.4865
