data/raw/spatial/rfgrid_mm_oahu_ann.txt
ncols         320
nrows         250
xllcorner     -158.322
yllcorner     21.18
cellsize      0.00225
NODATA_value  -9999
[rows 120 to 149 of 250, columns 68 to 135 of 320]
888.9754 901.6639 914.0554 926.6867 941.1371 959.5098 979.4442 999.9711 1021.337 1042.225 1061.684 1079.239 1095.412 1109.986 1122.614 1133.663 1143.182 1149.422 1154.32 1158.474 1160.656 1161.772 1162.705 1161.621 1164.677 1170.834 1174.576 1177.955 1180.804 1178.79 1174.649 1168.831 1159.301 1147.927 1136.857 1124.091 1110.114 1095.04 1079.175 1062.643 1045.332 1029.24 1015.436 1001.957 990.6752 980.1523 970.6119 962.3556 955.8914 949.6222 945.084 941.1989 937.009 933.7224 931.1262 929.0231 928.7524 929.4516 930.8993 934.7566 940.7487 948.4476 958.9772 972.0958 986.169 1002.018 1019.37 1036.978
839.0722 850.0535 860.7421 870.7676 881.3751 898.6096 919.7452 941.397 963.6938 985.6598 1006.414 1026.059 1044.395 1061.368 1076.922 1091.059 1103.822 1113.835 1122.733 1130.946 1137.566 1143.361 1149.151 1152.846 1158.119 1165.783 1171.776 1177.383 1182.453 1182.254 1179.913 1175.54 1166.685 1155.411 1144.279 1131.086 1117.023 1101.797 1085.541 1068.44 1050.545 1033.772 1019.002 1004.443 992.2762 980.9393 970.4522 961.1686 953.7122 946.3499 941.0336 936.8273 932.3815 928.7313 925.7188 922.9912 922.0112 921.8704 922.5032 925.4895 930.252 936.702 945.977 957.5831 969.983 984.1887 1000.05 1016.204
791.8972 801.6315 811.1273 819.5861 826.973 840.0856 863.0076 885.4234 908.259 930.9758 952.6074 973.9653 994.2665 1013.479 1031.868 1049.007 1064.957 1078.75 1091.704 1104.096 1115.198 1125.555 1135.954 1143.817 1152.203 1162.025 1170.05 1177.651 1184.775 1186.326 1185.74 1182.883 1174.891 1163.912 1152.866 1139.222 1124.966 1109.512 1092.5 1074.465 1055.949 1038.488 1022.497 1006.621 993.2501 980.7708 969.3968 959.324 951.0318 942.6375 936.4062 931.6251 926.7887 922.802 919.452 916.1404 914.4717 913.6291 913.5335 915.855 919.7495 925.1631 933.2147 943.3387 954.2249 966.8889 981.3096 996.1573
753.96 762.7934 771.3417 779.3673 787.2665 799.7978 818.3417 839.6619 862.0671 884.6697 906.268 928.3422 949.707 970.2554 990.6383 1010.107 1028.862 1046.303 1062.971 1079.157 1094.42 1108.848 1123.291 1134.877 1146.335 1158.592 1168.734 1178.443 1187.781 1190.915 1191.787 1190.39 1183.412 1172.798 1161.874 1147.918 1133.517 1117.853 1099.795 1080.519 1061.316 1043.094 1025.597 1008.165 993.4199 979.6341 967.435 956.8436 947.8229 938.48 931.3835 925.7882 920.3738 915.9566 912.1536 908.3667 906.1279 904.7294 904.002 906.0646 909.6516 914.2335 921.0298 929.7177 939.1582 950.4037 963.5048 977.1537
720.1025 728.2541 736.2148 744.1671 752.5408 765.1318 780.8169 799.6864 820.6772 842.4698 863.6929 886.2272 908.3468 929.9217 951.9495 973.4487 994.7133 1015.433 1035.453 1055.036 1074.096 1092.333 1110.528 1125.617 1140.191 1155.207 1167.793 1179.738 1191.304 1195.972 1198.222 1198.174 1192.118 1181.891 1171.227 1157.029 1142.336 1126.329 1107.089 1086.402 1066.251 1047.006 1028.148 1009.309 993.2916 978.3242 965.2061 953.9388 944.1355 933.8613 925.9877 919.7428 913.7312 908.6791 904.2921 900.2003 897.5576 895.745 894.5172 896.2929 899.5158 903.3613 908.9615 916.3095 924.4089 934.3555 946.1689 958.654
690.7396 698.4217 706.0514 713.7851 721.8995 734.1017 748.1974 764.8176 783.8331 804.2668 824.8929 847.6277 870.2499 892.666 916.087 939.2804 962.5449 985.8682 1008.777 1031.344 1053.714 1075.457 1097.039 1115.342 1132.998 1151.014 1166.393 1180.686 1194.484 1200.76 1204.529 1205.572 1199.964 1190.009 1179.74 1165.629 1150.528 1133.782 1113.092 1090.814 1069.425 1048.908 1029.058 1009.223 992.1158 976.144 962.0837 950.0436 939.5785 928.3942 919.7279 913.0685 906.5877 900.652 895.566 891.4479 888.7402 886.9836 885.7372 887.0209 889.5957 892.6062 897.1172 903.257 910.3077 919.2316 929.9591 941.4991
666.1527 673.4232 680.7455 688.1979 695.9231 707.6123 720.5988 735.5598 752.793 771.7657 791.4962 814.0989 836.8656 859.7599 884.168 908.6342 933.5287 959.0932 984.5545 1009.688 1034.922 1059.724 1084.255 1105.43 1125.908 1146.594 1164.483 1180.97 1196.875 1204.601 1209.656 1211.745 1206.778 1197.158 1187.196 1173.017 1157.392 1139.868 1117.964 1094.311 1071.625 1049.854 1028.958 1008.054 989.8759 972.9021 957.9187 945.2143 934.6439 922.7662 913.3671 906.3451 899.634 893.3704 887.9245 883.5084 880.4853 878.7646 877.4127 878.1954 880.0679 882.1664 885.7084 890.7823 896.7943 904.5354 914.0551 924.5564
646.5952 653.4231 660.4706 667.6679 675.0885 686.2244 698.3002 711.9969 727.9359 745.662 764.2877 786.4821 808.9872 831.8158 856.6536 881.8541 907.8884 935.2948 962.9185 990.1074 1017.724 1045.09 1071.995 1095.705 1118.863 1141.743 1161.556 1180.149 1198.116 1206.919 1212.629 1215.801 1211.989 1202.98 1193.167 1178.525 1162.092 1143.763 1121.295 1096.912 1073.039 1050.193 1028.223 1006.172 986.9913 969.0511 953.0028 939.3952 928.2543 916.5794 906.9157 899.2101 892.2746 887.0823 882.0862 876.5294 872.3522 870.4832 868.8512 869.5422 871.1029 872.4946 875.2806 879.3942 884.1633 890.4677 898.487 907.9426
628.3041 634.6624 641.3506 648.2039 655.2462 665.8411 677.1534 689.8001 704.6401 721.241 738.7578 760.4587 782.614 805.2786 830.4489 856.2035 883.1624 912.1437 941.6311 970.6127 1000.52 1030.419 1059.747 1085.956 1111.57 1136.577 1158.329 1178.897 1198.743 1208.662 1215.147 1219.335 1216.466 1207.894 1198.181 1183.116 1165.944 1146.882 1123.821 1098.664 1073.59 1049.633 1026.654 1003.534 983.3668 964.4399 947.2956 932.6188 920.5138 908.5627 899.2377 891.2406 884.2757 879.9932 875.257 868.9413 863.7289 861.8878 860.2846 860.8035 862.0267 862.8274 864.9175 868.2352 871.9746 876.9847 883.2884 891.6069
613.9939 620.0054 626.4213 632.9779 639.6493 649.7277 660.3994 672.0684 685.7794 701.2116 717.4635 738.3615 760.0842 782.5319 807.9528 834.1837 861.611 891.2928 921.9167 952.3337 984.5139 1017.251 1049.567 1078.153 1105.726 1132.975 1156.99 1178.57 1199.103 1210.083 1217.838 1222.637 1219.655 1211.074 1201.811 1186.518 1168.48 1148.693 1125.187 1099.323 1072.924 1047.715 1023.685 999.534 978.4495 958.6249 940.5739 924.9874 912.1217 899.9159 890.8638 883.0885 876.1085 871.6459 866.8501 860.6222 855.4767 853.7122 852.1534 852.0969 852.6356 853.213 854.9654 857.7689 860.8598 864.9417 870.351 877.1483
602.6163 608.2261 614.3293 620.557 626.8579 636.3868 646.4232 657.2512 669.9848 684.2906 699.2902 719.2983 740.4996 762.6895 788.2744 814.8727 842.5315 872.6074 904.0491 935.5966 969.7158 1004.879 1039.629 1070.2 1099.57 1128.774 1154.664 1177.109 1198.258 1210.153 1219.03 1224.271 1221.154 1212.629 1203.82 1188.409 1169.658 1149.156 1125.174 1098.659 1071.137 1044.871 1019.854 994.7206 972.848 952.2755 933.3744 916.9218 903.3734 890.8698 881.7865 874.1085 867.1906 862.683 858.0099 851.8332 846.5858 844.7527 843.2161 842.893 842.9736 843.4146 845.0439 847.5688 850.0881 853.3693 857.7956 863.4028
592.5554 597.7272 603.2186 608.9119 614.7631 623.7003 633.1547 643.3232 655.2271 668.4671 682.4209 701.7253 722.3795 744.3219 769.8761 796.5151 824.2294 854.6683 887.1053 920.2409 956.4808 993.3177 1029.598 1061.784 1092.874 1123.577 1150.761 1175.106 1198.213 1211.274 1221.06 1227.157 1224.89 1216.351 1206.24 1189.659 1170.746 1149.825 1124.621 1096.765 1068.298 1041.218 1015.357 989.2912 966.8111 945.739 926.228 909.1635 894.7912 881.4939 872.1239 864.7745 858.2406 853.7343 849.3983 844.0279 839.6938 837.882 836.3047 835.694 835.3254 835.3595 836.6091 838.6313 840.1674 842.3813 845.8256 850.0746
585.2731 590.0871 594.9708 600.0972 605.4817 613.9033 622.8897 632.5372 643.7507 656.2008 669.4008 688.1013 708.2317 729.8162 755.2811 781.9724 809.7589 840.4924 873.6122 907.9319 945.6024 983.3971 1020.786 1054.123 1086.332 1118.101 1146.327 1172.182 1196.823 1210.726 1221.083 1227.819 1226.217 1217.629 1206.306 1188.6 1169.572 1148.413 1122.364 1093.531 1064.458 1036.827 1010.412 983.7174 960.7399 939.3496 919.3914 901.8062 886.5479 872.2581 862.6622 855.5759 849.126 844.2998 840.0892 836.0171 832.759 830.934 829.2354 828.2391 827.5523 827.532 828.4055 829.3098 829.6217 831.0035 833.9449 837.4019
579.8828 584.3447 588.9038 593.6196 598.5536 606.5359 614.9838 624.0809 634.7359 646.5881 659.1913 677.3126 696.8458 717.8957 743.2257 770.0568 798.1517 829.4894 863.0602 897.5745 935.5715 973.7507 1012.102 1047.913 1082.528 1114.983 1143.871 1170.488 1195.874 1210.34 1221.175 1227.183 1223.972 1214.707 1203.839 1186.108 1166.308 1144.556 1118.577 1089.757 1060.358 1032.375 1005.403 978.0906 954.8376 933.2714 913.0108 895.0334 879.3566 863.9521 854.5125 847.4371 840.8624 835.86 831.5898 827.875 824.8543 822.7836 820.836 819.6155 818.8284 818.7357 819.0719 818.9244 818.3342 819.3393 822.2275 825.5273
575.2205 579.3412 583.6203 588.0234 592.5577 600.1461 608.0975 616.7479 627.0294 638.4307 650.5783 668.2883 687.3541 707.9954 733.1959 760.1023 788.5525 820.6176 854.6442 889.1462 927.2796 965.7339 1004.755 1043.029 1080.088 1112.844 1141.931 1168.94 1194.81 1209.741 1220.999 1226.167 1221.103 1210.955 1200.705 1183.126 1162.423 1140.055 1114.269 1085.597 1055.944 1027.697 1000.217 972.3427 948.9236 927.2291 906.8128 888.6968 873.0834 858.1042 847.6077 839.958 833.0522 827.682 822.9878 819.1952 816.2114 814.0372 812.0349 810.6624 809.649 808.9043 808.6576 808.3881 807.4147 807.5865 809.8738 812.6576
571.6808 575.446 579.2963 583.2986 587.4753 594.6877 602.2385 610.5473 620.4948 631.5032 643.2075 660.5013 679.2184 699.5883 724.6976 751.6009 780.1738 812.5027 846.7452 881.4641 920.204 960.0307 1000.342 1038.596 1075.533 1108.948 1138.609 1165.635 1191.488 1206.089 1216.878 1222.185 1217.607 1207.411 1196.835 1178.812 1157.453 1134.646 1109.121 1080.654 1050.753 1022.266 994.5995 966.527 943.0174 921.2382 900.7952 882.7328 867.1444 852.1642 841.2076 832.9331 825.6317 819.7471 814.4884 810.408 807.3992 805.2589 803.3159 801.8105 800.4653 799.0345 798.4175 798.6268 798.0154 797.5541 798.7758 800.5551
569.5889 573.0327 576.4954 580.0852 583.9548 590.8488 598.0822 606.1218 615.7746 626.5215 637.9044 654.992 673.5706 693.7742 718.8217 745.679 774.267 806.6492 841.1447 876.3994 915.9448 957.5923 999.192 1035.99 1071.414 1105.472 1135.776 1162.354 1187.569 1201.182 1210.893 1216.624 1213.494 1203.708 1192.503 1173.969 1152.219 1129.067 1103.83 1075.608 1045.431 1016.641 988.949 960.8818 937.3388 915.5297 895.0734 877.0766 861.3809 846.1318 834.86 826.3047 818.7195 812.6155 807.2064 802.4846 798.8359 796.4289 794.3527 792.7086 791.0924 789.5624 788.7202 788.4447 787.7744 787.597 788.4163 789.5211
567.6465 570.7419 573.8378 577.1343 580.71 587.3343 594.3104 602.1066 611.4636 621.9312 632.9742 649.8248 668.2811 688.3625 713.3716 740.2258 768.9725 801.7119 836.8456 873.149 913.4205 954.9771 996.3406 1033.695 1069.624 1103.371 1133.38 1159.243 1183.652 1196.236 1204.886 1210.367 1207.515 1197.725 1186.325 1167.927 1146.947 1124.328 1098.666 1069.951 1039.734 1010.885 983.1677 955.1321 931.5682 909.7393 889.2233 871.1625 855.3778 840.009 828.6025 819.921 812.118 805.7372 800.1492 794.946 790.9516 788.0582 785.7535 783.8788 782.036 780.3551 779.1241 778.187 777.3508 777.3634 777.9908 778.6912
566.7112 569.5491 572.41 575.6136 579.1585 585.706 592.6474 600.4323 609.6415 619.9016 630.7083 647.3745 665.795 685.9308 710.98 737.9016 766.8724 800.0396 835.9499 873.5181 914.2787 953.972 993.8062 1033.381 1071.391 1103.972 1132.957 1157.899 1181.316 1192.812 1200.37 1204.82 1201.045 1190.866 1179.578 1161.733 1142.336 1120.876 1094.392 1064.78 1034.831 1006.214 978.4824 950.4497 926.811 904.869 884.1779 865.8845 849.8896 834.4197 822.9243 814.1068 806.0897 799.2858 793.2469 787.6523 783.5132 780.5821 777.9149 775.7066 773.6722 771.6295 769.795 768.5468 767.5081 767.1464 767.3477 767.6284
566.3826 569.0457 571.7659 574.9665 578.6371 585.2972 592.2621 600.1168 609.3553 619.6293 630.4578 647.1009 665.4919 685.6166 710.7067 737.7982 767.0475 800.6172 836.7946 874.4243 915.2896 955.4742 995.6433 1034.936 1072.547 1103.966 1131.984 1155.962 1178.309 1188.891 1195.613 1199.246 1194.712 1184.237 1173.089 1155.719 1137.299 1116.637 1090.247 1060.579 1030.756 1002.159 974.4895 946.5784 922.7712 900.564 879.6178 861.0629 844.7637 829.0975 817.4172 808.3909 800.1388 793.0566 786.7639 780.7274 776.5487 773.4583 770.3945 767.7193 765.3503 762.9679 760.6155 759.0364 757.6891 756.793 756.7468 756.758
566.4503 568.9875 571.6397 574.8948 578.7808 585.5881 592.5027 600.3378 609.6941 620.1848 631.2617 648.1105 666.4918 686.4639 711.6647 739.1994 768.9235 802.9682 838.8553 875.0199 915.559 959.6548 1002.942 1038.651 1072.621 1103.102 1130.337 1153.5 1174.951 1184.857 1190.976 1194 1188.901 1178.135 1167.008 1149.911 1131.529 1111.169 1085.963 1057.053 1027.023 998.1312 970.5942 942.9063 918.8383 896.2289 875.0515 856.2864 839.6633 823.7354 811.8137 802.5174 794.0228 786.7405 780.3787 774.7121 770.3751 766.6667 762.9333 759.7165 756.7112 753.9788 751.5471 749.5869 747.7784 746.585 746.4517 746.4453
566.7885 569.3055 572.0081 575.3273 579.3318 586.2678 593.272 601.2401 610.8213 621.6304 632.9478 649.8959 668.3036 688.1172 713.1195 740.8355 770.9595 805.4645 841.5057 877.3524 917.8696 963.5565 1008.037 1041.508 1073.241 1102.911 1129.307 1151.38 1171.649 1180.83 1186.359 1188.708 1182.856 1171.678 1160.468 1143.604 1125.54 1105.991 1082.178 1053.611 1023.362 994.292 966.7942 939.1884 914.8876 891.9384 870.4847 851.4382 834.4649 818.2621 806.0686 796.4974 787.7562 780.3019 773.8531 768.2217 763.8792 759.8169 755.6002 751.7643 748.0374 745.024 742.6725 740.6082 738.5098 736.8102 736.1004 735.624
567.5563 570.1734 573.0753 576.4724 580.3522 587.3438 594.6985 603.0506 612.9569 624.1733 635.7025 652.5577 671.1494 691.1437 715.3356 742.3508 772.6366 807.592 844.8853 883.4105 924.7839 966.3224 1007.161 1041.803 1074.745 1103.907 1129.468 1149.929 1168.453 1176.866 1181.922 1183.503 1176.525 1164.779 1153.498 1136.863 1119.584 1101.024 1078.669 1049.834 1019.504 990.5662 962.9689 935.2397 910.8387 887.7563 865.9832 846.5138 829.1584 812.6601 800.1846 790.2639 781.2313 773.6769 767.1396 761.1227 756.2962 752.2631 748.0359 743.8867 739.8511 736.6127 734.1092 732.0679 729.8375 727.3814 725.5009 724.0265
568.6217 571.2774 574.3063 577.785 581.632 588.7327 596.4081 605.1149 615.3851 626.9523 638.7452 655.6702 674.5554 694.9563 719.0645 745.0348 774.9473 810.0778 848.2791 888.9948 931.0265 968.936 1006.559 1042.067 1075.974 1104.681 1129.508 1148.319 1165.04 1172.665 1177.275 1178.164 1170.205 1157.858 1146.421 1129.813 1112.764 1094.283 1071.136 1043.838 1014.655 986.1551 958.7023 931.0654 906.6627 883.4831 861.4088 841.5111 823.7617 806.9221 794.1378 783.8773 774.5809 766.8729 760.1596 753.8078 748.6471 744.4116 740.0991 735.8719 731.7464 728.1574 725.3049 723.3135 721.1198 718.3948 715.6503 713.1998
570.0515 572.6421 575.6251 579.248 583.5101 590.996 598.7314 607.5671 618.2127 630.0411 642.3563 659.7061 678.8424 699.4835 723.8247 749.7014 778.6282 812.7581 850.142 890.1429 931.4548 969.0033 1006.137 1040.486 1073.339 1101.948 1126.603 1144.379 1159.836 1166.591 1170.455 1171.344 1163.786 1151.676 1140.438 1123.753 1105.677 1086.323 1063.235 1036.988 1009.074 981.2078 954.2406 926.9839 902.6262 879.3271 856.918 836.5163 818.3179 801.1479 787.9839 777.4483 767.9292 759.9761 753.0072 746.486 741.2017 736.7316 732.2203 727.8536 723.6942 720.0113 716.838 714.6511 712.3976 709.8701 707.0533 704.1833
571.4451 574.0202 577.0927 581.0217 585.8644 593.7284 601.4742 610.4096 621.389 633.582 646.5024 664.2709 683.6039 704.3784 728.8197 754.6798 782.9474 816.0437 852.4642 891.6203 932.3724 969.7588 1006.526 1039.778 1071.554 1100.152 1125.058 1141.969 1156.147 1161.92 1164.907 1165.66 1158.415 1146.539 1135.419 1118.637 1099.542 1079.303 1056.309 1030.534 1003.19 975.9849 949.588 922.7404 898.5536 875.27 852.6358 831.792 813.0981 795.4853 781.9431 771.1674 761.4675 753.3008 746.1542 739.4617 734.0303 729.1943 724.3376 719.992 716.0061 712.504 709.4905 706.9577 704.2413 701.3798 698.6284 695.8624
572.9056 575.4177 578.8614 583.1741 588.2157 596.1503 604.1931 613.4395 624.702 637.3261 650.6973 668.654 687.9091 708.4642 733.1668 759.5425 787.2637 818.8796 853.7354 891.3129 930.8804 967.7838 1003.899 1036.45 1067.505 1094.729 1118.57 1137.07 1153.012 1158.095 1159.469 1159.988 1153.455 1141.551 1129.45 1112.319 1093.823 1073.819 1049.819 1023.282 996.5376 970.2486 944.4173 917.9772 893.8694 870.5027 847.8639 826.9371 807.9267 789.7144 775.6602 764.702 754.8325 746.3937 738.9376 731.9 726.0895 720.9501 715.8744 711.4599 707.3521 703.9297 701.1564 698.9365 696.2212 692.804 689.8004 687.1848
574.5526 577.0275 580.8242 585.4192 590.525 598.4849 606.7369 616.2797 627.8218 640.6896 654.3643 672.4628 691.608 711.9694 736.8612 763.6782 790.9382 821.2704 854.7808 890.9975 929.519 966.0029 1001.756 1033.809 1064.164 1089.644 1111.748 1131.887 1150.22 1154.72 1154.359 1154.58 1148.71 1136.902 1123.903 1106.297 1088.3 1068.48 1043.462 1016.204 989.912 964.2412 938.9134 912.9633 888.9849 865.5828 843.0449 822.2058 803.0774 784.3264 769.1194 758.3677 748.3705 739.6278 731.823 724.4101 718.2116 712.9963 707.8769 703.131 698.6394 695.0735 692.3574 690.5329 688.6729 684.7985 681.5217 678.7685
576.5984 579.1606 583.0126 587.7101 592.9496 601.0705 609.5234 619.1423 631.0137 644.032 657.7697 675.8181 695.0817 715.6275 739.9102 765.6656 792.7094 823.6719 856.8157 891.0844 927.9782 963.7401 998.8044 1030.091 1059.437 1084.67 1106.602 1125.541 1142.747 1148.418 1150.023 1150.788 1144.426 1132.595 1119.812 1101.863 1082.602 1061.765 1036.938 1010.109 983.7983 958.2064 933.1306 907.5423 883.8309 860.6149 838.1824 817.3394 798.1989 779.5018 764.1025 752.1308 741.6113 732.5494 724.4783 716.9412 710.7073 705.0272 699.3302 694.4598 689.9901 686.3498 683.584 681.5536 679.3998 676.3074 673.5604 671.0529
579.321 581.7853 585.4402 590.1141 595.4476 603.709 612.3928 622.2869 633.9279 646.9458 660.5874 678.3622 697.6353 718.3 741.8895 766.507 793.4577 825.4665 858.5122 890.8596 926.1243 961.1561 995.3774 1025.694 1053.953 1079.281 1101.626 1119.125 1134.61 1141.61 1145.689 1147.393 1140.67 1128.461 1115.756 1097.482 1076.759 1054.867 1030.458 1004.103 977.6909 952.1037 927.161 901.7878 878.3497 855.3968 833.1218 812.3065 793.2217 774.6936 759.3097 746.4515 735.1025 725.6326 717.3008 709.6511 703.3953 697.1767 690.7645 685.8472 681.4681 677.7193 674.8251 672.4509 669.9144 667.3505 665.1224 662.6777
