"","101972","102031","102037","102907","103020","103040","103077","103106","103108","103131","103138","103252","103303","103885","103928","103934","103937","103945","103949","103958","103960","103961","103974","103975","103980","103983","103985","103986","103994","103995","103999","104001","104003","104004","104007","104008","104012","104015","104019","104020","104025","104027","104029","104030","104037","104038","104041","104043","104051","104053","104055","104061","104063","104067","104069","104073","104077","104079","104094","104095","104103","104105","104106","104121","104125","104129","104130","104133","104134","104145","104146","104149","104152","104156","104157","104159","104162","104165","104166","104169","104171","104172","104174","104175","104176","104177","104179","104181","104183","104185","104187","104188","104190","104191","104193","104211","104216","104218","104219","104220","104222","104224","104225","104248","104259","104261","104264","104266","104272","104274","104283","104285","104291","104292","104295","104298","104303","104305","104307","104308","104310","104311","104312","104314","104315","104320","104321","104325","104326","104329","104330","104340","104341"
"101972",0,0.481934341288032,0.593160800630668,0.565659607360092,0.499358566725787,0.546934876419493,0.558679998981212,0.663595914866418,0.647757325050668,0.648393729071574,0.564556441836715,0.982395753073011,0.587722889829029,0.626947552818761,0.758153805840912,0.810306480841934,0.919450718564777,0.965122864815774,0.742917137837642,0.7653652214952,0.762455191374444,0.794841492406547,0.864665196034896,0.831091809861386,0.816102061126094,0.812812014408696,0.991867796180353,0.857391423242419,0.847312219703574,0.876884287315395,0.809734109862538,0.721910546800733,0.672815553804193,0.73708793468315,0.747374056001355,0.977584219016813,0.941782310792225,0.817414709279712,0.792106726711893,0.783052851716625,0.791910147369088,0.980361176853938,0.825156943168448,0.850836142982988,0.88338463649812,0.7882224975945,0.781088034223577,0.814865045683104,0.791013129264715,0.724083842990462,0.85961315327435,0.796584493128339,0.981792051833471,0.764292463281284,0.803784179000947,0.725414338356894,0.781763699898987,0.78180954554289,0.882001650256917,0.741798334390617,0.739206293930245,0.864008470919722,0.880630449704844,0.836603886558989,0.945936047710952,0.752289108742749,0.972755996094829,0.892666193133154,0.758444416072608,0.766361192732926,0.833582288024157,0.880362604139877,0.866569840225567,0.887279821519781,0.83902586489188,0.866098196876249,0.883160667416989,0.817526254996538,0.815394701026682,0.782057289817831,0.801484009734738,0.875091463201364,0.810697582770528,0.809433193912525,0.89630655727062,0.869722575878969,0.837308356530522,0.981593734464135,0.89709014648469,0.717774506419067,0.978290420084891,0.826266171018726,0.976241345015723,0.815294023471801,0.751106056344032,0.747097122225557,0.827091872031584,0.936343749085791,0.847688267138772,0.740553727923054,0.853309345744041,0.83274898593814,0.769062161088256,0.756097101508814,0.831105475967373,0.763921518137342,0.977676944100887,0.805400815203112,0.76461824831171,0.745580785225138,0.752179830297168,0.814595231073642,0.840084923786586,0.835115021914334,0.955829223014303,0.891456613230732,0.762014976438883,0.857345956548238,0.974308925352539,0.869927150805097,0.883932616595633,0.825624389150786,0.716234739689704,0.873469878089735,0.803712151325372,0.896360465938866,0.724649399969798,0.788627792501062,0.863325382005371,0.700678388369744,0.754944498376186,0.892359052105347,0.792392595174082
"102031",0.481934341288032,0,0.56863215770766,0.540273264955959,0.51705780978106,0.594827512769898,0.559009662601466,0.690059668680862,0.638855199565566,0.670264339008661,0.577170452075939,0.982101498100107,0.601582630485963,0.612825029368557,0.761905062614087,0.819850933809506,0.929896839473454,0.969523105995759,0.748901304190456,0.760381207729617,0.767333915105649,0.803438408879201,0.87659274005173,0.836276081088584,0.823492506633272,0.816080981453903,0.992769833509657,0.865846438537398,0.857853008782212,0.881954664477433,0.819084505951945,0.729068800326931,0.657261157770268,0.736013593619237,0.747318014002861,0.980701389135043,0.949209057501456,0.817654540085293,0.806724570062664,0.771411734140383,0.796342550639018,0.982768511369163,0.82545551433526,0.858593337336689,0.894082542042029,0.799165415930506,0.782893974773032,0.821755774733269,0.795364567637312,0.69680622967824,0.858321590413233,0.801276243101251,0.982755925676035,0.765407531607765,0.808520680112491,0.723343855763474,0.793456148201429,0.791934507181885,0.894953921901192,0.743175168314909,0.730268700976011,0.871932329835017,0.888519321960706,0.84553556389532,0.952198937657693,0.773801636861987,0.976147140517165,0.899797539209707,0.748020843853606,0.756096602094712,0.836434758608976,0.890953277462375,0.877092790484211,0.891736083903027,0.845881638657004,0.878683078909888,0.892593620660303,0.816752966099772,0.826171712115629,0.775441178886553,0.811356613105918,0.884328620476812,0.817140540895558,0.808432829238968,0.904858205403085,0.87840012794069,0.848999630228265,0.982318357250031,0.907080977480345,0.727485663160483,0.981780470586208,0.840021557021661,0.978977227993967,0.826081981347987,0.754159481511463,0.735940215331644,0.838628879425769,0.942879526790344,0.85711594530187,0.728612849659614,0.864445698338438,0.843631097658281,0.751363198573357,0.736885783515716,0.836521015579892,0.761015079789965,0.981030090949962,0.810564937508117,0.772656183496714,0.743436064372783,0.745787321931252,0.828259839421659,0.847474063753819,0.848168608077292,0.95902755000945,0.903029257808931,0.76212924308009,0.860120993514533,0.977212178373482,0.879987473559918,0.895854462130725,0.833417781026746,0.703662440072857,0.878551782751282,0.815853408459206,0.908343080305135,0.716611119398804,0.793820916037528,0.876999308861481,0.69242185818326,0.765460547369657,0.895170657512467,0.792764937570202
"102037",0.593160800630668,0.56863215770766,0,0.510090588215848,0.571895909558285,0.602855305709754,0.475003038576377,0.624618617266234,0.541182868362925,0.59039682330775,0.5297315919752,0.978945171424146,0.572421904711275,0.478455257500136,0.698938183950793,0.768957918298169,0.906609297699692,0.96097276299797,0.682591101283942,0.688108276764596,0.693432538061352,0.735695861365799,0.828988297163194,0.791180002454196,0.766757195362829,0.763206354832144,0.990937561466407,0.817407264637038,0.813882038699748,0.846733191898056,0.77037145412532,0.666788579136849,0.596103888756108,0.670584166814169,0.693962257265543,0.973852281196389,0.934953388524368,0.758642005350848,0.749144018843174,0.694579442707612,0.742249669571767,0.976783864488579,0.761011943114956,0.813281009442132,0.861871854753163,0.750449475080902,0.720058295291138,0.7654237982264,0.732552431497276,0.615422242001425,0.803690210959968,0.745041007724451,0.977272914268287,0.710969893366515,0.744832130290205,0.650071349013113,0.735013295516759,0.736706258233237,0.863654554768213,0.690717236742972,0.638360737988629,0.829567254642991,0.849828453784864,0.818967108977963,0.937671497833401,0.725574897323682,0.967395517115971,0.868004544855595,0.665488589492111,0.676366663067763,0.782027533609241,0.859308173077167,0.838309314992261,0.855037028752573,0.791129594227881,0.834448992166055,0.857695903569749,0.758938137718209,0.770450215498832,0.704348583448488,0.740117936181338,0.846271459982572,0.762025685635888,0.763624418664391,0.87630170297038,0.836420258633137,0.805355568335786,0.97694594386219,0.882441609063232,0.667891063836542,0.975910142188258,0.802130090925533,0.972478663421355,0.763068134138503,0.698641687507302,0.654368576668023,0.801920745255894,0.926304499354759,0.806490132928927,0.662457428060099,0.821996315338383,0.789456889456626,0.678509993600657,0.657222182226176,0.785188734610718,0.682950907407634,0.974956410729896,0.750214909364861,0.70961880496038,0.673342905906649,0.661044926662501,0.775149296719324,0.793424769833672,0.795960851887677,0.946829905777881,0.873435135439359,0.716009185541355,0.811930166229441,0.970847013592365,0.870326249309787,0.86257674259198,0.776461161015373,0.612592759078815,0.86245032025517,0.765043748534771,0.879314926045509,0.647488072412682,0.730522083795239,0.840541194740494,0.649407908765333,0.712659341660961,0.860456560580257,0.738054709400585
"102907",0.565659607360092,0.540273264955959,0.510090588215848,0,0.524024622616007,0.582514393205891,0.555304041937854,0.601526939359658,0.59782683342867,0.532880321908712,0.438811229680247,0.978491624511191,0.523623529404083,0.519244757626493,0.731594513511971,0.78148933362724,0.908703342361725,0.961257969239647,0.707656243979134,0.717945865352559,0.717446276811477,0.764263204616551,0.843908551853423,0.802718866940121,0.777833315041273,0.781359702236136,0.991042326090693,0.829704363768658,0.830350390592357,0.852550689229083,0.788055634119117,0.702001090757312,0.635104546796676,0.69355140717596,0.714848402790478,0.973124330136806,0.93408538103902,0.773110412410517,0.770803752300053,0.724839613457665,0.759030368414168,0.976736336302625,0.785769607767395,0.823673529251116,0.868117343847318,0.765219976143875,0.742532659754527,0.772384586845799,0.747527058274094,0.647856403494205,0.814660948030272,0.76243085935019,0.976038766250524,0.733450583683421,0.765867906799581,0.686063980187556,0.754242171358044,0.753596992259807,0.869036403880814,0.71314955341876,0.675986703088403,0.831488830872656,0.855055250858396,0.834345812302756,0.936334731045114,0.755436338954356,0.968204082133395,0.873764883923077,0.695281315298584,0.711212185038316,0.805806576721683,0.865280748235601,0.847639343885777,0.868644798020631,0.810797683455634,0.840684829259972,0.862890413545666,0.772413736672403,0.784445580710618,0.718681371186135,0.769167017129367,0.861018263219619,0.779035988489167,0.77637265207085,0.879843916672379,0.8470609514789,0.813485315691153,0.977405774407692,0.884050951471413,0.696480092241029,0.975414575603408,0.819485444402301,0.972653177729285,0.79021944056654,0.721405574285781,0.680875815461202,0.813771561085731,0.924561160059435,0.822701991074146,0.697921921104173,0.832459316371423,0.809440550845341,0.705585572490848,0.698583892554096,0.802789489010608,0.703061931766664,0.975433139763935,0.772626666951615,0.736153045818056,0.691569876641494,0.69278726752998,0.794107497203295,0.810778820641655,0.809177110999701,0.946761954831513,0.878546256915787,0.734295924071856,0.817452154876471,0.970256195557583,0.873076498446936,0.870452365633228,0.793002268119704,0.658768297098542,0.865898382132937,0.778730443107076,0.882879209322578,0.679554862687456,0.755436657906919,0.849998589238304,0.684580839638809,0.733807327653862,0.862121811002264,0.762450434941364
"103020",0.499358566725787,0.51705780978106,0.571895909558285,0.524024622616007,0,0.474382174504864,0.579438418435694,0.567849017904424,0.597550428054231,0.546922710329564,0.500460946390025,0.972589748606084,0.521526297608408,0.555127322124113,0.717080557230324,0.757099462573928,0.897851917904009,0.951901470595485,0.678154695702312,0.708221096459957,0.707812149850164,0.742772125945246,0.825372837724067,0.776799402453635,0.758103808652966,0.777559183995005,0.987467086661166,0.803745848503646,0.79441403335521,0.833225608144384,0.759968036971248,0.688960690016697,0.632899880297632,0.678228019962082,0.71132267867112,0.97006918243773,0.923752008735931,0.763982980557769,0.744670294645228,0.739146008587951,0.738160652572885,0.970273058112161,0.774113704996721,0.800845080553666,0.838155645239852,0.737149195557567,0.719407234121191,0.756004805974332,0.713924254581518,0.677070160857884,0.805705950497338,0.734770595082555,0.972170990669118,0.723658816120597,0.753916052369297,0.689564103736907,0.736042851065224,0.722208979828691,0.86319413744629,0.700197199906163,0.695691643645959,0.803919357832798,0.835694541181816,0.804863904691483,0.920515358108574,0.738789632580919,0.959797899464808,0.848731188372057,0.706736637615242,0.722770366654036,0.780971703264786,0.84018481270523,0.816023666329919,0.853959671038407,0.792461753106416,0.815782509346356,0.833554967869158,0.764799702451402,0.767661891135483,0.72865140955559,0.744781735863818,0.855466720346192,0.747579760927694,0.766837943945941,0.87337294304992,0.820801478757862,0.79111915842284,0.970014067325754,0.869902304138009,0.692151526258044,0.969688664424036,0.792416895378521,0.969153841163918,0.765220399431053,0.69482040279664,0.674631285604182,0.780117321157275,0.908957852687152,0.799691928035202,0.694614826975621,0.809461340672871,0.778069810507578,0.720734354547993,0.710713891078809,0.779171583353955,0.703230804098905,0.968536606832269,0.754163540443171,0.718018088906386,0.666314743106852,0.691256142787309,0.764760052779824,0.799297837742839,0.782119154158618,0.935327582154527,0.868682690718465,0.733329189856649,0.804207563078361,0.963480139340036,0.863237148747536,0.864700060468433,0.767348242721477,0.647769910462984,0.854414931968783,0.75357209830489,0.875781866751083,0.66993284692747,0.732730490368583,0.840223936357742,0.67394906046912,0.713315671711777,0.845683398825146,0.74334239416922
"103040",0.546934876419493,0.594827512769898,0.602855305709754,0.582514393205891,0.474382174504864,0,0.586868070573011,0.537165015124462,0.582024654253553,0.54923133671351,0.545849114747348,0.973153734538235,0.538254639774394,0.580121170756323,0.71606111758964,0.753768502795506,0.889815587581116,0.951636719356013,0.691841181510793,0.706982099243873,0.702491911501056,0.728995396587172,0.81683353628571,0.775911589485779,0.749111597892553,0.771922957715811,0.987243436256713,0.795182862836659,0.785948728826001,0.834943470001898,0.760930874411834,0.703854753612461,0.63566598296406,0.684162519842286,0.71356853047382,0.966401573175179,0.919020621449054,0.764063594409591,0.737913329906926,0.744424353790089,0.73717207000923,0.972994078361043,0.770015686303188,0.790111692693675,0.834639477936892,0.734490059481452,0.726205912640276,0.745697896004456,0.717085712405491,0.685376743440972,0.799208089090604,0.730046899134894,0.972487515164862,0.723752535630322,0.759327459631137,0.690976068467179,0.727149263750071,0.725734173134931,0.860378544548714,0.715185499162965,0.705178072164861,0.796647343588585,0.826494928020802,0.799835375009758,0.917568659090428,0.727377645033449,0.959421927928427,0.839648534147258,0.704485196755974,0.736861765659802,0.776617831721925,0.829009061401942,0.811240377602267,0.840009402694182,0.788367013698672,0.810393170071891,0.83167049497474,0.769880417119302,0.752904295961156,0.730862191238012,0.737566188953738,0.857249013694834,0.753429064190188,0.769386443999438,0.867076816996327,0.813149338071924,0.774582203347917,0.968291166987082,0.863154346199567,0.695647605500832,0.969711216245175,0.796181449718546,0.963243301917174,0.746591742435625,0.688321677417687,0.682295864014551,0.773587982595891,0.904204180079154,0.789096093919686,0.702094593969587,0.793553437845715,0.770875475594583,0.723721012523028,0.71904515268316,0.77717995201794,0.709554888286058,0.967357477087432,0.753819583588122,0.714186029940452,0.658846268870155,0.689672557788942,0.757531157513686,0.794885509574142,0.773925915074321,0.932814601687889,0.862937191025982,0.734877504200922,0.798030013622635,0.961957445199954,0.86347151797951,0.861149314469503,0.764775228610554,0.658778219823023,0.851108667707428,0.745567043155449,0.869875867377108,0.664616712383116,0.734711577761106,0.839854455057782,0.689442374090429,0.713239317497124,0.837694863615969,0.737552627263788
"103077",0.558679998981212,0.559009662601466,0.475003038576377,0.555304041937854,0.579438418435694,0.586868070573011,0,0.625455371418575,0.55274507544922,0.621222671586959,0.56450361274293,0.979643806050299,0.578902948662371,0.531414000502119,0.706200627272795,0.776231977628401,0.910490921224321,0.961113742593,0.696326805452864,0.713582786841008,0.721240401851516,0.75363318395745,0.837687678245177,0.80212727139885,0.781841719270923,0.768285700826163,0.991113394380753,0.829494856561144,0.824682422911283,0.855682292316935,0.782986951849627,0.673710784787259,0.616850361806115,0.681655137701841,0.702850947419789,0.975684680836353,0.93712436576244,0.785016569086264,0.758448210077052,0.734024072083447,0.755069310650484,0.978479115588839,0.783327452037163,0.822242939703705,0.866663188527242,0.754435485038664,0.733885782334932,0.781506114213928,0.75135863140137,0.655822446230216,0.825074034004936,0.764346571720342,0.97872473314633,0.735000239169588,0.768473809107435,0.673151013040272,0.748198599878788,0.746401065173491,0.870179610694342,0.705546838759761,0.67707099915833,0.838785013880518,0.858096385577916,0.805427744005958,0.940680003733901,0.713710257780959,0.969041602606289,0.873339815653179,0.698562052564245,0.71989533795346,0.794649523127343,0.861829775325552,0.840851613093069,0.866495456041426,0.806838617523401,0.845717759027202,0.863376665031818,0.786762131372321,0.776094283583183,0.732397477513397,0.753916538873074,0.852208549874403,0.779899348271555,0.763655616848736,0.879694870199497,0.844339499604848,0.811230566385359,0.977509295814814,0.883798632743244,0.672608307626411,0.976643295232128,0.799318327161711,0.973809118524919,0.778704626611062,0.704347282492095,0.688973287835043,0.806889923891914,0.928568099060588,0.821889307173949,0.670399801486645,0.82771994331888,0.801198718785027,0.705892634311902,0.693030226899141,0.79351418407188,0.706092655383604,0.977350537285061,0.767450686627355,0.724341213061015,0.692396873750303,0.694104374458611,0.786989089433795,0.80583703518872,0.802817378291134,0.948387521411996,0.882416059058515,0.713348905773165,0.824526974711589,0.97200298906661,0.854472538215313,0.868737479008984,0.791987213323498,0.653574401955798,0.846642163758454,0.773082157507323,0.881235120633524,0.673673412013402,0.74401877918424,0.844348499538468,0.640201279333792,0.720964973861573,0.869456567214968,0.752917961010305
"103106",0.663595914866418,0.690059668680862,0.624618617266234,0.601526939359658,0.567849017904424,0.537165015124462,0.625455371418575,0,0.595820652531142,0.493361723048556,0.544841252947534,0.964353760079669,0.530902881305397,0.563295884991791,0.697185597211819,0.717946456098036,0.855134102555316,0.929536995872979,0.680594976858285,0.686835695088678,0.675550503396136,0.712960607134939,0.775716584842019,0.735742351458135,0.714033362582088,0.727297019065216,0.980622770818782,0.753078218965928,0.748249292264929,0.792459951301054,0.728500514114306,0.707102602215381,0.642697971423908,0.677287083767417,0.711639603250372,0.954956451421831,0.88530292253414,0.727466355591588,0.714590357423527,0.711637125198393,0.710818959612514,0.95992422736221,0.729131153558732,0.748397125884409,0.791625929051644,0.70328558174653,0.689391803438485,0.683960756420567,0.675188195245592,0.678692430884103,0.765079319785791,0.699224523692047,0.959639709030759,0.717985461165409,0.722828072122015,0.67993175177273,0.698342882225496,0.692733947502082,0.828277775905225,0.714574920221092,0.694980034052947,0.745065072068108,0.773927323781248,0.764704377666943,0.888213123817087,0.712577903291448,0.941968098257643,0.800692923391779,0.674494762234448,0.706281031742929,0.741527063118977,0.795780187762861,0.773065925803863,0.801216522135197,0.753471125615562,0.763165527635742,0.784013211836899,0.724024806734647,0.713457803614404,0.696475864794876,0.707226570487168,0.825537796555941,0.709497810466588,0.72727486782468,0.831031001494453,0.774071300420125,0.751027545645146,0.957062331565768,0.827559083425584,0.695163298003878,0.959657483869963,0.760892395588852,0.94835904629774,0.70980410191243,0.684042789399579,0.651278416687634,0.747572089950444,0.875210059309042,0.752558460605701,0.679058636222263,0.762333469597605,0.733658510887472,0.700563585976438,0.699821136549105,0.740267136977123,0.663412779869126,0.952835988169119,0.7253636685221,0.699599526316207,0.618570455396552,0.650239831783632,0.714728672349122,0.736952328821568,0.731747592739338,0.900267235668264,0.828967288595425,0.715494390248276,0.758180188811965,0.948821809517549,0.821719240543101,0.825084016869241,0.724315167182432,0.638397899813684,0.798828084370603,0.712988189964011,0.831394980128917,0.641038023025627,0.705625315242803,0.801367693432093,0.696163531795665,0.707560198357722,0.794969955084129,0.718553905961611
"103108",0.647757325050668,0.638855199565566,0.541182868362925,0.59782683342867,0.597550428054231,0.582024654253553,0.55274507544922,0.595820652531142,0,0.608641860161132,0.598470696221847,0.974972849233261,0.604330148831473,0.546373585111089,0.702737866140442,0.757784852444995,0.887069862020188,0.950995372363043,0.688063798054365,0.676320352546879,0.675807235471869,0.713884712548351,0.810704829078067,0.776932852593551,0.737796303242867,0.726060766529334,0.987242076002803,0.79892605558355,0.802902588754439,0.820111454482729,0.769931973926963,0.695464347222021,0.550101360125993,0.660175180054712,0.717006358309521,0.967107406713361,0.91431052981818,0.709964806232886,0.746555902862841,0.64045931548439,0.733650200204961,0.971402253103059,0.738168932278488,0.798999999060394,0.842113081162239,0.735301813375504,0.701988683565794,0.736109764482764,0.705812347132813,0.550201613417173,0.753120643818188,0.736384234265464,0.971827239533431,0.734859729503182,0.720948990422677,0.659008869066513,0.727219626433915,0.728522863066381,0.842972514341652,0.724719355778805,0.619203067559729,0.796311990244179,0.821943020223649,0.811805998397903,0.921887690561142,0.724109394977702,0.9613161233688,0.842622539782347,0.598551787241469,0.636799875570467,0.767824680875021,0.844659824821471,0.814757344987648,0.848388008476622,0.787929270884587,0.811473904215339,0.8348715081737,0.70612348373966,0.747048515766116,0.647680239985429,0.71827465525279,0.818653837103331,0.743888485736926,0.708667852503674,0.846920849418773,0.81870617728198,0.788328983238206,0.967729466333619,0.850714303394096,0.680253021796216,0.969464426015021,0.79207668869619,0.965502324988958,0.748939146986631,0.706829176229087,0.601891384288274,0.792514668919941,0.910902894698157,0.799796585753689,0.616922433379516,0.813965753219477,0.775424384692031,0.621932237545199,0.611771325603532,0.761938830680703,0.61742816183584,0.969183490117192,0.738340469770033,0.719029581787554,0.603252505396987,0.598674502427458,0.767400107180837,0.750053134870238,0.766577307401358,0.93126136510867,0.845168000404051,0.694874065695053,0.785268880864602,0.964283421128711,0.841325286958992,0.834579772528737,0.760054716595607,0.558332216683073,0.833279400656597,0.76675649859722,0.848297138468804,0.581717813539954,0.724971560515602,0.802110149390878,0.676560805679458,0.720170774323357,0.810567128371128,0.738975410744955
"103131",0.648393729071574,0.670264339008661,0.59039682330775,0.532880321908712,0.546922710329564,0.54923133671351,0.621222671586959,0.493361723048556,0.608641860161132,0,0.455382042424037,0.968916831208192,0.529837929550149,0.542314907158151,0.691367951420478,0.725803723738342,0.878500891754456,0.943366757412756,0.671040947242788,0.67986454841736,0.682591556684511,0.715890892327782,0.791956300453937,0.733271906850866,0.712310656429311,0.733817716983455,0.986831111147034,0.760530436859132,0.767941698924023,0.812238111803886,0.736996068538022,0.695251769686651,0.650463256655905,0.676831048461307,0.7089680564092,0.962250994589415,0.898014510637444,0.713976390318259,0.722160650480802,0.71204537577907,0.721206816082236,0.968233458951211,0.729530912972073,0.753196434645546,0.807182395201343,0.706524388840849,0.689014498419819,0.707952220651095,0.692937531597074,0.667639495306986,0.757203462900367,0.720232441915486,0.962557656097742,0.712030540270608,0.721061345832397,0.678313978212295,0.714478973284295,0.706322318837257,0.839544992688984,0.712337189670848,0.67452521737772,0.763620781813561,0.783720939763307,0.782523580472162,0.899132775497899,0.717197118181062,0.950375477939844,0.813942806055387,0.669238151359047,0.710129060648949,0.757085535442497,0.809261022715007,0.782640476085036,0.816516725548653,0.76358724853191,0.773714963986723,0.797328586122161,0.728404907409687,0.729615675926013,0.6764779852259,0.720312190719839,0.842434022592188,0.720852458430424,0.723069913976822,0.851643381070557,0.780390292296785,0.756264422986188,0.963273538602973,0.846797781920562,0.687469669590863,0.962956941201253,0.774097408521715,0.954000834374374,0.719202720749836,0.68311707699297,0.657155137874833,0.761803656251306,0.885010639078847,0.766407912213816,0.6724586128695,0.774713437810107,0.74273006380319,0.689529976648746,0.6928957524956,0.754284642125992,0.670615978232662,0.962881525697512,0.741275451879377,0.704782552632752,0.620488712002104,0.642325007104109,0.734650020060484,0.755999071588669,0.735879230006116,0.915401334712377,0.848063351202478,0.714891400418347,0.754598784541905,0.957609005601929,0.850457057206149,0.847626416752393,0.732090009783594,0.628049295489644,0.829128657717956,0.724114675157157,0.860232681443381,0.643433859094824,0.72418080748976,0.826491642693544,0.686572863184705,0.710250139779421,0.80124623198631,0.720148812571567
"103138",0.564556441836715,0.577170452075939,0.5297315919752,0.438811229680247,0.500460946390025,0.545849114747348,0.56450361274293,0.544841252947534,0.598470696221847,0.455382042424037,0,0.975870394113785,0.508847456195448,0.508760081377515,0.706364886273734,0.760072526104732,0.902422664505825,0.95302226795122,0.67755918929698,0.703869237700764,0.701151496396589,0.743226297849048,0.822379048445872,0.775406961333433,0.755585315556385,0.768164723186878,0.987661601852105,0.802447931525139,0.801686465667827,0.839117290283036,0.767306200800338,0.689437574009631,0.640200784446308,0.682937994750035,0.710141122558396,0.970830292373588,0.920779430026057,0.753665664048225,0.742813193692375,0.721476933183923,0.740649286935274,0.973421305896444,0.7629895079164,0.799031386648974,0.839948298954198,0.741969352043316,0.716705454362201,0.740953419260266,0.727849918840451,0.673947230954375,0.798393707710783,0.746244706939966,0.97398838445963,0.725022782223689,0.750148213746782,0.682745784752465,0.73313526737779,0.719862907110108,0.863542191468142,0.705814299931469,0.673451767839357,0.804898103273938,0.829450643582406,0.810492790113472,0.925908726721325,0.729238419150626,0.963160408331882,0.850314663879404,0.687583193171541,0.712424389705387,0.785635657585162,0.842228238807486,0.815913908388834,0.849269257513601,0.787601512809484,0.813502659997638,0.837544846859351,0.765653324730596,0.763326247221922,0.715581664886053,0.750176537311621,0.852960962596702,0.750032637111902,0.758037079103119,0.873256063204525,0.816660339258188,0.78739342581978,0.972934355050895,0.872252067359446,0.69201833142842,0.971605622951147,0.800237492294915,0.969493214589154,0.76368465070838,0.699882675957743,0.669031805939971,0.788773003029282,0.909944437072364,0.800053682822013,0.690426272636271,0.807172107407368,0.778985272845066,0.704542830408177,0.705131798716562,0.783667366070549,0.689761805875954,0.9706988789384,0.75828043674282,0.718811079909277,0.65597855520609,0.676183327215156,0.762212160193699,0.795082883109757,0.779707836435349,0.936585458267606,0.87063334719116,0.724456449012557,0.796549452031486,0.966062020765301,0.865735842161606,0.858957190286668,0.769387340502094,0.641888418720804,0.858925447183523,0.751712994538186,0.876698364414936,0.66808500846282,0.732659404317521,0.845140333907534,0.672395450652137,0.716429364729628,0.84481991595798,0.74171192945341
"103252",0.982395753073011,0.982101498100107,0.978945171424146,0.978491624511191,0.972589748606084,0.973153734538235,0.979643806050299,0.964353760079669,0.974972849233261,0.968916831208192,0.975870394113785,0,0.972596848232015,0.97566328176596,0.96184756984877,0.954327729460533,0.916665363624107,0.753050931438164,0.960187292439982,0.96199391232745,0.960877915159795,0.954213740214517,0.940956893558371,0.946046920771618,0.944014115818213,0.956032492266384,0.909319470144212,0.941147669183728,0.943485028984378,0.919764045271976,0.9550098724918,0.970410065006145,0.973779699709358,0.96822986722402,0.96932017986589,0.837386130088152,0.838981043926387,0.957174991727005,0.952980268568628,0.966646255904277,0.957528505766002,0.791563906985554,0.956478534241439,0.927727434344933,0.927536742981291,0.956452802591921,0.956963088611359,0.945736608830816,0.950529638208379,0.97573562372476,0.949940912601325,0.957630106134376,0.807261447869362,0.968820997344489,0.958623787540395,0.969894257461718,0.961418153950255,0.959238959945077,0.942915273104892,0.970054202690004,0.969757516205344,0.931036621808163,0.926580343645456,0.943835533105665,0.843036736875014,0.965852542071973,0.825662818851281,0.921748129656578,0.968504569639519,0.971911157206732,0.950103645870684,0.932689107188023,0.942947432749975,0.910394319716966,0.947166384270684,0.937514751573156,0.90959988412691,0.957159045962795,0.954100362974937,0.965063515683601,0.955710946054339,0.952759584461503,0.95299189400726,0.95540105597202,0.929369656473324,0.94034192194118,0.948913856454468,0.853872573396478,0.939021929763366,0.972902990608506,0.803755112271848,0.945517384602081,0.77629262067953,0.952351786403459,0.967206308733113,0.962644497435446,0.945786558356879,0.859205909302532,0.944376641848983,0.967360297570659,0.946458287941867,0.947508647470376,0.972125597713887,0.9704099549886,0.953994123791913,0.966602402812489,0.825285839637,0.95865493066626,0.96502823601966,0.964514536461512,0.961849736195534,0.949399004440125,0.940210201923604,0.943893583620415,0.835540652934904,0.941695756922754,0.963482848870018,0.932574566587356,0.79410236682465,0.948503855791657,0.947102601640563,0.945396770919839,0.969954365165266,0.930828584938499,0.953635619151193,0.939409589223994,0.970887286582153,0.955036520296334,0.955076467967588,0.972857652018384,0.967132010963432,0.93113401658637,0.963974408432874
"103303",0.587722889829029,0.601582630485963,0.572421904711275,0.523623529404083,0.521526297608408,0.538254639774394,0.578902948662371,0.530902881305397,0.604330148831473,0.529837929550149,0.508847456195448,0.972596848232015,0,0.551695769963353,0.711768798695182,0.747924885663346,0.892872578852787,0.949810119390014,0.691647245059777,0.697282913247448,0.695784727042136,0.732085923163021,0.821701986310197,0.770544078431832,0.760231867034372,0.768730983067912,0.986882800371954,0.802944886194241,0.791374698661666,0.828501700255278,0.762653798423022,0.703488685725013,0.625260683362687,0.682664775647125,0.704460684586145,0.966845952237764,0.915988938235909,0.763278243752536,0.746011235251111,0.723653306122258,0.738273754421267,0.972057589996389,0.770441219152461,0.796945326684546,0.837935566602274,0.743319465489852,0.720948211842561,0.740050607422271,0.713502427235319,0.659810561012219,0.796300655325741,0.73328301987878,0.970185024180747,0.715772412469308,0.755029710524266,0.688857751611377,0.731830497430291,0.717206494616333,0.855984396216757,0.699517873293022,0.691554240226254,0.798967106433349,0.829013146645725,0.79963512802133,0.921910266628546,0.741001404859204,0.959128235694432,0.848778144204217,0.694452948623334,0.713008219144752,0.776337560527111,0.829590682092179,0.8118946956616,0.842855241143742,0.787208603965974,0.81692537034756,0.83236394263078,0.759050319326581,0.755331356715362,0.713742724658099,0.744364146926118,0.852349472880578,0.744348275711681,0.750711670642237,0.864985389407803,0.820108809165165,0.783217556241409,0.970303572960389,0.861295069422337,0.690535260754484,0.970190211708272,0.788349051587812,0.963976500703402,0.755131945476012,0.685191664920913,0.666556236812083,0.778003902213571,0.908864905369301,0.794328632495942,0.695077444051049,0.793662106472322,0.772849990833526,0.705292361055562,0.70316319132124,0.781594081583298,0.691970527753033,0.965937175207269,0.756001452155124,0.712271223060008,0.672735835436509,0.682196412380662,0.749180125685835,0.785858038581257,0.783182613518731,0.931847763730435,0.860052159578927,0.731806045571537,0.798078705108265,0.96201178740655,0.861251718214661,0.855001777455961,0.766709869599833,0.651709380873484,0.846053716615037,0.743205684417277,0.869269980555004,0.660246630873346,0.728136165563884,0.837189747528595,0.684445980965682,0.714645340685062,0.837063779132914,0.740354787486645
"103885",0.626947552818761,0.612825029368557,0.478455257500136,0.519244757626493,0.555127322124113,0.580121170756323,0.531414000502119,0.563295884991791,0.546373585111089,0.542314907158151,0.508760081377515,0.97566328176596,0.551695769963353,0,0.678033407366933,0.744019952121719,0.892027050327696,0.94965329408481,0.655935138803553,0.660612834161861,0.669081826919286,0.709932415276806,0.810210618397047,0.758781682522356,0.725873425173585,0.72248549892066,0.988160793286136,0.785038622692451,0.782353604349127,0.827881354895914,0.743319248281091,0.66299211025828,0.592644936341136,0.647299843166242,0.686585129345584,0.966754059619347,0.915118552267543,0.719147419659921,0.726548701097713,0.671942237866861,0.716473060197338,0.97253107752467,0.729587738444226,0.780293743610053,0.828552845262133,0.713395245225064,0.685541803312698,0.720112314031187,0.68755812595592,0.616161429798351,0.767991415145057,0.721613908295078,0.971535501745231,0.701925294142329,0.71145398456543,0.638305123568582,0.709588931523568,0.705486812355384,0.85483766587973,0.690959957785792,0.627429410871965,0.783701189747439,0.811696820550468,0.790225062358217,0.92075182363599,0.708562589130039,0.961653928495739,0.834394800564778,0.631948815631271,0.660810018533661,0.756906361362631,0.838325615629989,0.798457927278736,0.836584337974843,0.770859976482349,0.798938753814426,0.828760088684779,0.73309460312965,0.736419137980016,0.675036936667041,0.711886814549069,0.838026126984239,0.736145966846479,0.726986190115046,0.858911997635235,0.801240297788412,0.771677481666342,0.969341917614783,0.863200428204632,0.65959324073173,0.970976264360484,0.787158216136656,0.965347087498855,0.731607945851911,0.680680721049782,0.619220188923723,0.775584094299543,0.903381941832825,0.784868155632253,0.634535303576566,0.793847787462073,0.758548021250653,0.654329667777725,0.650704214555098,0.758573727965499,0.637349051867545,0.968619789713539,0.736661854852198,0.699723829923563,0.608507412721741,0.62816683553866,0.747088103664665,0.76742615337666,0.759737508848763,0.929816654969243,0.856606078689835,0.695232997786181,0.77658776722815,0.965069180500776,0.857071559557889,0.853461157376311,0.754146996994914,0.587095325039674,0.84152891534721,0.736798861240743,0.866359249996179,0.621352575987693,0.700906559685469,0.82924148760935,0.653648327914633,0.697536035950854,0.827131885833313,0.715586242320078
"103928",0.758153805840912,0.761905062614087,0.698938183950793,0.731594513511971,0.717080557230324,0.71606111758964,0.706200627272795,0.697185597211819,0.702737866140442,0.691367951420478,0.706364886273734,0.96184756984877,0.711768798695182,0.678033407366933,0,0.604803326296118,0.873795128938677,0.928823587650902,0.601664652829599,0.580367019830598,0.598034881989273,0.605585454529728,0.665528465111906,0.625915485223095,0.670376515411218,0.653569083185179,0.983234802072073,0.63909699170186,0.644110364575603,0.770183805905338,0.633144624285644,0.654544941460704,0.692424521041897,0.560307164860944,0.622796584192057,0.954724041448649,0.88834800477471,0.704614931553707,0.59610827822862,0.71586933503917,0.606952590021724,0.957786976736888,0.646287953433955,0.634224962393164,0.717456051994162,0.617237324262462,0.630356220059244,0.652841578301938,0.615708952815642,0.694859543478214,0.751990883843941,0.608378621097829,0.956833810425469,0.612026081456082,0.633229126598483,0.620673544059189,0.597589254268424,0.592474410438359,0.849609630957321,0.625432086488031,0.667838758612438,0.719941617341982,0.717158903292928,0.629324902178015,0.885949159337854,0.576400154607118,0.942747084280971,0.742325182829112,0.679086141397162,0.706739141790386,0.596842657202573,0.70101713976521,0.678303746805878,0.725155483953444,0.608019893315688,0.6961049549041,0.722475460960011,0.730535220480011,0.590524248986713,0.71090635643378,0.597567115266299,0.838968514087633,0.639791475418956,0.689352099400457,0.842969945443874,0.67727117191296,0.641823675753315,0.955314745626822,0.846322365161247,0.575208631352934,0.956250142411058,0.616137709337026,0.954279548027635,0.581345772878018,0.604507415148753,0.676025327861477,0.636534251417321,0.87328317360209,0.629430338611332,0.63369120975126,0.631781979172816,0.622598593808564,0.6839415779132,0.700997505552147,0.603491593883049,0.684325598842506,0.953869698451034,0.668614825558365,0.577304204154288,0.60154267396529,0.663865968614729,0.630402931164784,0.749464566740612,0.643796260627225,0.901895855163863,0.841562433012944,0.645141636743484,0.696046858640462,0.943157648167252,0.821649483566622,0.838005074568327,0.667505655304809,0.649037191939505,0.789795170911081,0.596982971845884,0.849713593138785,0.688363775436455,0.581071085360029,0.826493396531355,0.606493393072618,0.619183350674831,0.800597895402276,0.576846622447622
"103934",0.810306480841934,0.819850933809506,0.768957918298169,0.78148933362724,0.757099462573928,0.753768502795506,0.776231977628401,0.717946456098036,0.757784852444995,0.725803723738342,0.760072526104732,0.954327729460533,0.747924885663346,0.744019952121719,0.604803326296118,0,0.864502765162521,0.916746264537987,0.666942244463145,0.629257776663341,0.644231283399031,0.59879787415605,0.613746631120895,0.58567445204592,0.70052548329248,0.72593279952793,0.980931781179794,0.606572774076811,0.581333789586473,0.75056456399733,0.583727808054668,0.669205468233078,0.757175250123724,0.605703158174439,0.637869153639325,0.946786142042219,0.876632421861324,0.758847794794866,0.57943093342459,0.781603193054114,0.591823949043604,0.950028165353851,0.675781036999022,0.569043904371342,0.670457666851043,0.623492026005364,0.657968552627832,0.663765915746843,0.623494330511733,0.774312663344896,0.785799944329664,0.557119882156432,0.944296161586073,0.618952783864682,0.679789976527403,0.657436700069645,0.594661067231672,0.551907681908958,0.846613269271102,0.624094692510834,0.738075380004265,0.695071275423,0.692242779769483,0.58974929836318,0.864774207145313,0.608146941247455,0.935846229867893,0.711153694309494,0.756557653493357,0.786390670222789,0.579440488962939,0.59170277025729,0.662433385715728,0.672378700342618,0.593859022021307,0.663043606526178,0.675689985998431,0.758822231747669,0.540477441542523,0.766078497955884,0.588558084267159,0.843668141998739,0.627961895600289,0.764683948720406,0.846337056634635,0.641059764228582,0.624119347824685,0.956411241021185,0.839017720552107,0.66603697112942,0.951030653034827,0.626823439399213,0.945295746135881,0.546833622700409,0.565296467710855,0.747128009908134,0.569548686750997,0.855833704276802,0.621624685764084,0.738887074384938,0.559340825034159,0.60546332180365,0.760303921407981,0.778164265565175,0.578228793823837,0.75185064339602,0.942060762193733,0.669706727677092,0.570053897340686,0.703728018186145,0.722674856331505,0.560203528075932,0.773391143322631,0.623368007868236,0.882756999342935,0.848010062978495,0.711345443332411,0.689423384603505,0.924108533821044,0.845569722655848,0.839860263951909,0.655240866855823,0.744219257897979,0.815781688380846,0.549778189243449,0.850074238380122,0.758042779969823,0.574512724578853,0.824563238191228,0.675974535601206,0.617453250222618,0.801703701479524,0.541102662147635
